{
    "frames": [
        {
            "file_path": "images/0465",
            "time": 1535385111270482,
            "transform_matrix": [
                [
                    -0.6003801026600399,
                    -0.7997143301829364,
                    0.0008499588093742942,
                    95.81788260621565
                ],
                [
                    0.026376184691056,
                    -0.020863968370979084,
                    -0.9994343358645219,
                    -1.9648435975018108
                ],
                [
                    0.7992796939814392,
                    -0.6000180704977743,
                    0.03361972434545346,
                    -129.75336088926437
                ],
                [
                    0.0,
                    0.0,
                    0.0,
                    1.0
                ]
            ],
            "intrinsics": [
                [
                    1256.7485116440405,
                    0.0,
                    817.7887570959712
                ],
                [
                    0.0,
                    1256.7485116440403,
                    451.9541780095127
                ],
                [
                    0.0,
                    0.0,
                    1.0
                ]
            ],
            "is_key_frame": false
        },
        {
            "file_path": "images/0221",
            "time": 1535385110612404,
            "transform_matrix": [
                [
                    0.35616043269665554,
                    -0.9343508666213223,
                    0.011756029317511988,
                    -53.42952535522975
                ],
                [
                    0.026280457361972584,
                    -0.002559928372649715,
                    -0.9996513313788816,
                    -1.8514532709929035
                ],
                [
                    0.9340551823860164,
                    0.35634520455691554,
                    0.02364342291448843,
                    -145.50810351793297
                ],
                [
                    0.0,
                    0.0,
                    0.0,
                    1.0
                ]
            ],
            "intrinsics": [
                [
                    1252.8131021185304,
                    0.0,
                    826.588114781398
                ],
                [
                    0.0,
                    1252.8131021185304,
                    469.9846626224581
                ],
                [
                    0.0,
                    0.0,
                    1.0
                ]
            ],
            "is_key_frame": false
        },
        {
            "file_path": "images/1283",
            "time": 1535385101004799,
            "transform_matrix": [
                [
                    0.9617293070603918,
                    -0.2729225498537407,
                    0.024290362748878545,
                    -71.62600242809607
                ],
                [
                    0.03604673763392093,
                    0.03814384721833304,
                    -0.9986218902193843,
                    -0.7294501474451092
                ],
                [
                    0.2716199047328653,
                    0.961279526829068,
                    0.046522023302863286,
                    -23.72837220691673
                ],
                [
                    0.0,
                    0.0,
                    0.0,
                    1.0
                ]
            ],
            "intrinsics": [
                [
                    1257.8625342125129,
                    0.0,
                    827.2410631095686
                ],
                [
                    0.0,
                    1257.8625342125129,
                    450.915498205774
                ],
                [
                    0.0,
                    0.0,
                    1.0
                ]
            ],
            "is_key_frame": false
        },
        {
            "file_path": "images/0663",
            "time": 1535385108028113,
            "transform_matrix": [
                [
                    -0.998079920524468,
                    0.05718937387898458,
                    0.02378755475460232,
                    130.16702068507718
                ],
                [
                    -0.025347255718303242,
                    -0.026703570245510865,
                    -0.9993219881318008,
                    5.4458763427085595
                ],
                [
                    -0.05651538616540128,
                    -0.9980061597262182,
                    0.028101890952439246,
                    4.070966677673732
                ],
                [
                    0.0,
                    0.0,
                    0.0,
                    1.0
                ]
            ],
            "intrinsics": [
                [
                    1249.9629280788233,
                    0.0,
                    825.3768045375984
                ],
                [
                    0.0,
                    1249.9629280788233,
                    462.54816385708756
                ],
                [
                    0.0,
                    0.0,
                    1.0
                ]
            ],
            "is_key_frame": false
        },
        {
            "file_path": "images/0571",
            "time": 1535385100178113,
            "transform_matrix": [
                [
                    -0.9976601257044823,
                    0.06329732545146512,
                    0.02584032062514138,
                    68.97949444872397
                ],
                [
                    -0.027454787944029408,
                    -0.024770380311829824,
                    -0.9993160975778169,
                    3.8817908295864654
                ],
                [
                    -0.06261396168800663,
                    -0.9976872640511654,
                    0.026450235383342086,
                    0.9815593925293391
                ],
                [
                    0.0,
                    0.0,
                    0.0,
                    1.0
                ]
            ],
            "intrinsics": [
                [
                    1249.9629280788233,
                    0.0,
                    825.3768045375984
                ],
                [
                    0.0,
                    1249.9629280788233,
                    462.54816385708756
                ],
                [
                    0.0,
                    0.0,
                    1.0
                ]
            ],
            "is_key_frame": false
        },
        {
            "file_path": "images/1053",
            "time": 1535385101547405,
            "transform_matrix": [
                [
                    0.7902957048470738,
                    0.6121962908075509,
                    0.025463707933930897,
                    -62.342955735917116
                ],
                [
                    -0.012068843809381724,
                    0.05710301899842123,
                    -0.9982953411843468,
                    3.009731422635712
                ],
                [
                    -0.6126067596014366,
                    0.7886412027929703,
                    0.05251677206269227,
                    45.882327827416596
                ],
                [
                    0.0,
                    0.0,
                    0.0,
                    1.0
                ]
            ],
            "intrinsics": [
                [
                    1254.9860565800168,
                    0.0,
                    829.5769333630991
                ],
                [
                    0.0,
                    1254.9860565800168,
                    467.1680561863987
                ],
                [
                    0.0,
                    0.0,
                    1.0
                ]
            ],
            "is_key_frame": false
        },
        {
            "file_path": "images/0336",
            "time": 1535385100420502,
            "transform_matrix": [
                [
                    -0.6250885382438306,
                    -0.7805435148828881,
                    0.004017552794968409,
                    44.75169707094542
                ],
                [
                    0.01953569527522673,
                    -0.02078994506101161,
                    -0.999592984566456,
                    0.6067662055876427
                ],
                [
                    0.7803093463276642,
                    -0.6247556318742784,
                    0.028244016624163707,
                    -58.26729931728971
                ],
                [
                    0.0,
                    0.0,
                    0.0,
                    1.0
                ]
            ],
            "intrinsics": [
                [
                    1256.7485116440405,
                    0.0,
                    817.7887570959712
                ],
                [
                    0.0,
                    1256.7485116440403,
                    451.9541780095127
                ],
                [
                    0.0,
                    0.0,
                    1.0
                ]
            ],
            "is_key_frame": false
        },
        {
            "file_path": "images/0193",
            "time": 1535385108262414,
            "transform_matrix": [
                [
                    0.33824911408504865,
                    -0.941045161621731,
                    0.004641186164356704,
                    -43.652574058498814
                ],
                [
                    0.033001603801542614,
                    0.0069329475504577,
                    -0.9994312524555106,
                    -2.2323900281721087
                ],
                [
                    0.9404777673965542,
                    0.33820990231895187,
                    0.033401062950139324,
                    -127.04484505594228
                ],
                [
                    0.0,
                    0.0,
                    0.0,
                    1.0
                ]
            ],
            "intrinsics": [
                [
                    1252.8131021185304,
                    0.0,
                    826.588114781398
                ],
                [
                    0.0,
                    1252.8131021185304,
                    469.9846626224581
                ],
                [
                    0.0,
                    0.0,
                    1.0
                ]
            ],
            "is_key_frame": false
        },
        {
            "file_path": "images/1148",
            "time": 1535385109647405,
            "transform_matrix": [
                [
                    0.784515344516765,
                    0.6196725275894975,
                    0.023273005147334144,
                    -111.98876317558484
                ],
                [
                    -0.008504104211947956,
                    0.04827812045876417,
                    -0.9987977289203872,
                    3.422570197513959
                ],
                [
                    -0.6200510901766856,
                    0.7833742283454405,
                    0.0431446860562314,
                    85.89273513421377
                ],
                [
                    0.0,
                    0.0,
                    0.0,
                    1.0
                ]
            ],
            "intrinsics": [
                [
                    1254.9860565800168,
                    0.0,
                    829.5769333630991
                ],
                [
                    0.0,
                    1254.9860565800168,
                    467.1680561863987
                ],
                [
                    0.0,
                    0.0,
                    1.0
                ]
            ],
            "is_key_frame": false
        },
        {
            "file_path": "images/1388",
            "time": 1535385109904799,
            "transform_matrix": [
                [
                    0.9665903753033875,
                    -0.2557692305877922,
                    0.016886297859114278,
                    -140.4655105530348
                ],
                [
                    0.02461958867165884,
                    0.027063713248726688,
                    -0.9993304915186115,
                    -1.4556754193968893
                ],
                [
                    0.25514098499554344,
                    0.9663589685565711,
                    0.032456457998128026,
                    -40.628357332590035
                ],
                [
                    0.0,
                    0.0,
                    0.0,
                    1.0
                ]
            ],
            "intrinsics": [
                [
                    1257.8625342125129,
                    0.0,
                    827.2410631095686
                ],
                [
                    0.0,
                    1257.8625342125129,
                    450.915498205774
                ],
                [
                    0.0,
                    0.0,
                    1.0
                ]
            ],
            "is_key_frame": false
        },
        {
            "file_path": "images/1147",
            "time": 1535385109547405,
            "transform_matrix": [
                [
                    0.7850063883298402,
                    0.6189736666214071,
                    0.02523034503515358,
                    -111.37667424318056
                ],
                [
                    -0.006973731634664776,
                    0.049554865368322286,
                    -0.9987470562586985,
                    3.1959541775637317
                ],
                [
                    -0.6194484137911962,
                    0.7838468698333746,
                    0.04321744212690019,
                    85.25742292296795
                ],
                [
                    0.0,
                    0.0,
                    0.0,
                    1.0
                ]
            ],
            "intrinsics": [
                [
                    1254.9860565800168,
                    0.0,
                    829.5769333630991
                ],
                [
                    0.0,
                    1254.9860565800168,
                    467.1680561863987
                ],
                [
                    0.0,
                    0.0,
                    1.0
                ]
            ],
            "is_key_frame": false
        },
        {
            "file_path": "images/1282",
            "time": 1535385100904799,
            "transform_matrix": [
                [
                    0.9616951886885151,
                    -0.2730642468426065,
                    0.02404747699119432,
                    -70.79546062404725
                ],
                [
                    0.03582438193372761,
                    0.0382242657730291,
                    -0.9986268167664932,
                    -0.6845582450036696
                ],
                [
                    0.2717700824454896,
                    0.9612360909799385,
                    0.04654245035640832,
                    -23.522706223277574
                ],
                [
                    0.0,
                    0.0,
                    0.0,
                    1.0
                ]
            ],
            "intrinsics": [
                [
                    1257.8625342125129,
                    0.0,
                    827.2410631095686
                ],
                [
                    0.0,
                    1257.8625342125129,
                    450.915498205774
                ],
                [
                    0.0,
                    0.0,
                    1.0
                ]
            ],
            "is_key_frame": false
        },
        {
            "file_path": "images/0876",
            "time": 1535385106537558,
            "transform_matrix": [
                [
                    -0.3226640939385209,
                    0.945884528706886,
                    0.03450131643557911,
                    38.17193612237952
                ],
                [
                    -0.03840513579127817,
                    0.023337416531634375,
                    -0.9989896949090536,
                    6.6179378860222915
                ],
                [
                    -0.9457340683446315,
                    -0.3236631325044351,
                    0.02879667740781135,
                    106.87201496949453
                ],
                [
                    0.0,
                    0.0,
                    0.0,
                    1.0
                ]
            ],
            "intrinsics": [
                [
                    796.8910634503094,
                    0.0,
                    857.7774326863696
                ],
                [
                    0.0,
                    796.8910634503094,
                    476.8848988407415
                ],
                [
                    0.0,
                    0.0,
                    1.0
                ]
            ],
            "is_key_frame": false
        },
        {
            "file_path": "images/0082",
            "time": 1535385098912404,
            "transform_matrix": [
                [
                    0.34509854591159334,
                    -0.9385531650973301,
                    -0.004994987035998931,
                    -19.065105256628577
                ],
                [
                    0.030443242810464986,
                    0.0165125534791322,
                    -0.999400092327784,
                    0.15856178670237095
                ],
                [
                    0.9380725998433639,
                    0.3447394550430579,
                    0.03427106009052435,
                    -57.89081639523658
                ],
                [
                    0.0,
                    0.0,
                    0.0,
                    1.0
                ]
            ],
            "intrinsics": [
                [
                    1252.8131021185304,
                    0.0,
                    826.588114781398
                ],
                [
                    0.0,
                    1252.8131021185304,
                    469.9846626224581
                ],
                [
                    0.0,
                    0.0,
                    1.0
                ]
            ],
            "is_key_frame": false
        },
        {
            "file_path": "images/0424",
            "time": 1535385107870482,
            "transform_matrix": [
                [
                    -0.6198286673735822,
                    -0.7847226153489927,
                    0.004779127716156387,
                    80.38067572761597
                ],
                [
                    0.019258793717278743,
                    -0.021299640218507773,
                    -0.9995876270698422,
                    -0.34460111939818083
                ],
                [
                    0.784500810685652,
                    -0.6194810265749869,
                    0.028314938586464073,
                    -103.98499647651181
                ],
                [
                    0.0,
                    0.0,
                    0.0,
                    1.0
                ]
            ],
            "intrinsics": [
                [
                    1256.7485116440405,
                    0.0,
                    817.7887570959712
                ],
                [
                    0.0,
                    1256.7485116440403,
                    451.9541780095127
                ],
                [
                    0.0,
                    0.0,
                    1.0
                ]
            ],
            "is_key_frame": false
        },
        {
            "file_path": "images/0030",
            "time": 1535385094512404,
            "transform_matrix": [
                [
                    0.35166920865983,
                    -0.9360218341632683,
                    0.013852568361202732,
                    -6.539810491747082
                ],
                [
                    0.035295174858155975,
                    -0.0015295528156159168,
                    -0.9993757607126148,
                    1.1053656788194792
                ],
                [
                    0.9354587207954724,
                    0.3519386117461637,
                    0.032499157679573294,
                    -22.68484352390884
                ],
                [
                    0.0,
                    0.0,
                    0.0,
                    1.0
                ]
            ],
            "intrinsics": [
                [
                    1252.8131021185304,
                    0.0,
                    826.588114781398
                ],
                [
                    0.0,
                    1252.8131021185304,
                    469.9846626224581
                ],
                [
                    0.0,
                    0.0,
                    1.0
                ]
            ],
            "is_key_frame": true
        },
        {
            "file_path": "images/0758",
            "time": 1535385096187558,
            "transform_matrix": [
                [
                    -0.3433875600552639,
                    0.9384201835148055,
                    0.038112239127799395,
                    12.625713294140619
                ],
                [
                    -0.02898147978878784,
                    0.029972948426776107,
                    -0.9991304700547673,
                    2.946333006508391
                ],
                [
                    -0.9387465352418334,
                    -0.3441935233769627,
                    0.016904467953991892,
                    28.95465709773397
                ],
                [
                    0.0,
                    0.0,
                    0.0,
                    1.0
                ]
            ],
            "intrinsics": [
                [
                    796.8910634503094,
                    0.0,
                    857.7774326863696
                ],
                [
                    0.0,
                    796.8910634503094,
                    476.8848988407415
                ],
                [
                    0.0,
                    0.0,
                    1.0
                ]
            ],
            "is_key_frame": false
        },
        {
            "file_path": "images/0755",
            "time": 1535385095937563,
            "transform_matrix": [
                [
                    -0.3418485342914453,
                    0.9390364980405566,
                    0.03674282175499478,
                    11.888270539764399
                ],
                [
                    -0.029091782729849566,
                    0.028505122029951858,
                    -0.9991702188294329,
                    2.885203200604437
                ],
                [
                    -0.9393046618538576,
                    -0.34263378900188196,
                    0.017573811590656806,
                    27.03819361402146
                ],
                [
                    0.0,
                    0.0,
                    0.0,
                    1.0
                ]
            ],
            "intrinsics": [
                [
                    796.8910634503094,
                    0.0,
                    857.7774326863696
                ],
                [
                    0.0,
                    796.8910634503094,
                    476.8848988407415
                ],
                [
                    0.0,
                    0.0,
                    1.0
                ]
            ],
            "is_key_frame": true
        },
        {
            "file_path": "images/0063",
            "time": 1535385097362404,
            "transform_matrix": [
                [
                    0.3686209012719065,
                    -0.9295329798500322,
                    0.00933115837443841,
                    -15.64526359100976
                ],
                [
                    0.03023287814480372,
                    0.0019553859215365537,
                    -0.9995409694179528,
                    0.5349585498330626
                ],
                [
                    0.9290880497695414,
                    0.36873380077912465,
                    0.02882325343211344,
                    -45.19394005748884
                ],
                [
                    0.0,
                    0.0,
                    0.0,
                    1.0
                ]
            ],
            "intrinsics": [
                [
                    1252.8131021185304,
                    0.0,
                    826.588114781398
                ],
                [
                    0.0,
                    1252.8131021185304,
                    469.9846626224581
                ],
                [
                    0.0,
                    0.0,
                    1.0
                ]
            ],
            "is_key_frame": true
        },
        {
            "file_path": "images/0629",
            "time": 1535385105028113,
            "transform_matrix": [
                [
                    -0.9992488879375612,
                    0.03731372873101871,
                    0.010456844827078648,
                    105.12213072492557
                ],
                [
                    -0.01217460661187557,
                    -0.04610943816472714,
                    -0.9988622020408924,
                    3.398750779042282
                ],
                [
                    -0.03678911400666949,
                    -0.9982392525643953,
                    0.04652908477805165,
                    0.7604538536111596
                ],
                [
                    0.0,
                    0.0,
                    0.0,
                    1.0
                ]
            ],
            "intrinsics": [
                [
                    1249.9629280788233,
                    0.0,
                    825.3768045375984
                ],
                [
                    0.0,
                    1249.9629280788233,
                    462.54816385708756
                ],
                [
                    0.0,
                    0.0,
                    1.0
                ]
            ],
            "is_key_frame": false
        },
        {
            "file_path": "images/0802",
            "time": 1535385100037558,
            "transform_matrix": [
                [
                    -0.314913757846573,
                    0.9482895634599268,
                    0.0397017499857659,
                    21.706459394540026
                ],
                [
                    -0.0252083002014163,
                    0.03345861677877855,
                    -0.9991221459682526,
                    3.707366414343237
                ],
                [
                    -0.9487854692815995,
                    -0.3156381231667573,
                    0.013368189251414194,
                    59.81098357255846
                ],
                [
                    0.0,
                    0.0,
                    0.0,
                    1.0
                ]
            ],
            "intrinsics": [
                [
                    796.8910634503094,
                    0.0,
                    857.7774326863696
                ],
                [
                    0.0,
                    796.8910634503094,
                    476.8848988407415
                ],
                [
                    0.0,
                    0.0,
                    1.0
                ]
            ],
            "is_key_frame": false
        },
        {
            "file_path": "images/0565",
            "time": 1535385099678129,
            "transform_matrix": [
                [
                    -0.9973094912744609,
                    0.06017744865749462,
                    0.04186231344482849,
                    64.89117631389256
                ],
                [
                    -0.04227082068760395,
                    -0.005530893975622833,
                    -0.9990908802157232,
                    4.6959595115463415
                ],
                [
                    -0.05989120413111502,
                    -0.9981723718300896,
                    0.00805976319875981,
                    0.6350180732929709
                ],
                [
                    0.0,
                    0.0,
                    0.0,
                    1.0
                ]
            ],
            "intrinsics": [
                [
                    1249.9629280788233,
                    0.0,
                    825.3768045375984
                ],
                [
                    0.0,
                    1249.9629280788233,
                    462.54816385708756
                ],
                [
                    0.0,
                    0.0,
                    1.0
                ]
            ],
            "is_key_frame": false
        },
        {
            "file_path": "images/0351",
            "time": 1535385101670482,
            "transform_matrix": [
                [
                    -0.6172903951951907,
                    -0.786720972490901,
                    0.004762293852678255,
                    50.750239546981
                ],
                [
                    0.01194589171257825,
                    -0.015425382100064892,
                    -0.9998096585141895,
                    1.0202584871559126
                ],
                [
                    0.7866446870544279,
                    -0.6171160093775241,
                    0.01892002375797635,
                    -67.32836673922365
                ],
                [
                    0.0,
                    0.0,
                    0.0,
                    1.0
                ]
            ],
            "intrinsics": [
                [
                    1256.7485116440405,
                    0.0,
                    817.7887570959712
                ],
                [
                    0.0,
                    1256.7485116440403,
                    451.9541780095127
                ],
                [
                    0.0,
                    0.0,
                    1.0
                ]
            ],
            "is_key_frame": false
        },
        {
            "file_path": "images/0934",
            "time": 1535385111437558,
            "transform_matrix": [
                [
                    -0.34552065326827985,
                    0.9376487419971536,
                    0.037819502855221496,
                    55.6289462962063
                ],
                [
                    -0.029337292986872317,
                    0.029488792465988747,
                    -0.9991344926280441,
                    6.917735433872789
                ],
                [
                    -0.9379524515695145,
                    -0.3463311244315947,
                    0.017319089025801537,
                    145.81096513761688
                ],
                [
                    0.0,
                    0.0,
                    0.0,
                    1.0
                ]
            ],
            "intrinsics": [
                [
                    796.8910634503094,
                    0.0,
                    857.7774326863696
                ],
                [
                    0.0,
                    796.8910634503094,
                    476.8848988407415
                ],
                [
                    0.0,
                    0.0,
                    1.0
                ]
            ],
            "is_key_frame": true
        },
        {
            "file_path": "images/1005",
            "time": 1535385097447405,
            "transform_matrix": [
                [
                    0.7703948644519129,
                    0.6371936852798555,
                    0.021816513598574554,
                    -34.537214751761596
                ],
                [
                    -0.011744591921003173,
                    0.04839567231412863,
                    -0.9987591919286017,
                    2.4899750873695825
                ],
                [
                    -0.6374588750552689,
                    0.7691827262365822,
                    0.04476735722075428,
                    25.745068094580986
                ],
                [
                    0.0,
                    0.0,
                    0.0,
                    1.0
                ]
            ],
            "intrinsics": [
                [
                    1254.9860565800168,
                    0.0,
                    829.5769333630991
                ],
                [
                    0.0,
                    1254.9860565800168,
                    467.1680561863987
                ],
                [
                    0.0,
                    0.0,
                    1.0
                ]
            ],
            "is_key_frame": false
        },
        {
            "file_path": "images/0013",
            "time": 1535385093112404,
            "transform_matrix": [
                [
                    0.34449642735630026,
                    -0.9386696513422494,
                    0.014882781587019063,
                    -2.2302830912104947
                ],
                [
                    0.039676236850707855,
                    -0.0012813119433842106,
                    -0.9992117665785721,
                    1.4666373575807743
                ],
                [
                    0.9379488300371787,
                    0.34481537652593924,
                    0.036801472024401566,
                    -11.531496478087531
                ],
                [
                    0.0,
                    0.0,
                    0.0,
                    1.0
                ]
            ],
            "intrinsics": [
                [
                    1252.8131021185304,
                    0.0,
                    826.588114781398
                ],
                [
                    0.0,
                    1252.8131021185304,
                    469.9846626224581
                ],
                [
                    0.0,
                    0.0,
                    1.0
                ]
            ],
            "is_key_frame": false
        },
        {
            "file_path": "images/0352",
            "time": 1535385101770482,
            "transform_matrix": [
                [
                    -0.6152789903557788,
                    -0.788291720379291,
                    0.005284657816028278,
                    51.086448777201454
                ],
                [
                    0.012241844485240625,
                    -0.016257576616465142,
                    -0.9997928927763788,
                    0.9880608612797773
                ],
                [
                    0.7882143751990148,
                    -0.6150868676731915,
                    0.019653089976096414,
                    -68.10392569491869
                ],
                [
                    0.0,
                    0.0,
                    0.0,
                    1.0
                ]
            ],
            "intrinsics": [
                [
                    1256.7485116440405,
                    0.0,
                    817.7887570959712
                ],
                [
                    0.0,
                    1256.7485116440403,
                    451.9541780095127
                ],
                [
                    0.0,
                    0.0,
                    1.0
                ]
            ],
            "is_key_frame": false
        },
        {
            "file_path": "images/0995",
            "time": 1535385096647405,
            "transform_matrix": [
                [
                    0.7725375203602126,
                    0.6343933670580124,
                    0.027033968789141997,
                    -29.228383496675157
                ],
                [
                    -0.006419937756441698,
                    0.050376832235880534,
                    -0.9987096470812131,
                    2.1941868098084374
                ],
                [
                    -0.6349366614355304,
                    0.7713671179190071,
                    0.04299075898872143,
                    21.35609085902493
                ],
                [
                    0.0,
                    0.0,
                    0.0,
                    1.0
                ]
            ],
            "intrinsics": [
                [
                    1254.9860565800168,
                    0.0,
                    829.5769333630991
                ],
                [
                    0.0,
                    1254.9860565800168,
                    467.1680561863987
                ],
                [
                    0.0,
                    0.0,
                    1.0
                ]
            ],
            "is_key_frame": false
        },
        {
            "file_path": "images/0983",
            "time": 1535385095647405,
            "transform_matrix": [
                [
                    0.7770332880963231,
                    0.6285793055620678,
                    0.033276505365286375,
                    -22.8432775234563
                ],
                [
                    -0.000585788089991864,
                    0.05358729355593821,
                    -0.9985629969219084,
                    1.9507486152154776
                ],
                [
                    -0.6294592330266755,
                    0.775897195889029,
                    0.04200732518276714,
                    15.926604734551058
                ],
                [
                    0.0,
                    0.0,
                    0.0,
                    1.0
                ]
            ],
            "intrinsics": [
                [
                    1254.9860565800168,
                    0.0,
                    829.5769333630991
                ],
                [
                    0.0,
                    1254.9860565800168,
                    467.1680561863987
                ],
                [
                    0.0,
                    0.0,
                    1.0
                ]
            ],
            "is_key_frame": false
        },
        {
            "file_path": "images/1021",
            "time": 1535385098797405,
            "transform_matrix": [
                [
                    0.784565656858144,
                    0.6194392443966344,
                    0.027418106792337287,
                    -44.18661842382882
                ],
                [
                    -0.014667665975846964,
                    0.0627484743870414,
                    -0.9979215843626787,
                    2.8121839404879427
                ],
                [
                    -0.6198722365565101,
                    0.7825328436963043,
                    0.058316025953456405,
                    32.00427769646665
                ],
                [
                    0.0,
                    0.0,
                    0.0,
                    1.0
                ]
            ],
            "intrinsics": [
