{
    "frames": [
        {
            "file_path": "images/0676",
            "time": 1535385109128113,
            "transform_matrix": [
                [
                    -0.9238558891852643,
                    0.38268665068923335,
                    0.006420545300955917,
                    128.6947588640261
                ],
                [
                    -0.008893006292627273,
                    -0.004692182247378577,
                    -0.9999494476546485,
                    3.1121396069128875
                ],
                [
                    -0.3826371786128267,
                    -0.9238662840530628,
                    0.007738134995055042,
                    52.742852212136775
                ],
                [
                    0.0,
                    0.0,
                    0.0,
                    1.0
                ]
            ],
            "intrinsics": [
                [
                    1249.9629280788233,
                    0.0,
                    825.3768045375984
                ],
                [
                    0.0,
                    1249.9629280788233,
                    462.54816385708756
                ],
                [
                    0.0,
                    0.0,
                    1.0
                ]
            ],
            "is_key_frame": false
        },
        {
            "file_path": "images/0073",
            "time": 1535385098162404,
            "transform_matrix": [
                [
                    0.025316517747569805,
                    -0.9993550382879196,
                    -0.025467260898799363,
                    -1.0822492380838726
                ],
                [
                    0.0025933449065310213,
                    0.025540994615169187,
                    -0.9996704117639289,
                    1.4733428744473358
                ],
                [
                    0.9996761217971212,
                    0.02524212832980676,
                    0.0032382813418256238,
                    -52.351233077061046
                ],
                [
                    0.0,
                    0.0,
                    0.0,
                    1.0
                ]
            ],
            "intrinsics": [
                [
                    1252.8131021185304,
                    0.0,
                    826.588114781398
                ],
                [
                    0.0,
                    1252.8131021185304,
                    469.9846626224581
                ],
                [
                    0.0,
                    0.0,
                    1.0
                ]
            ],
            "is_key_frame": false
        },
        {
            "file_path": "images/0343",
            "time": 1535385101020482,
            "transform_matrix": [
                [
                    -0.850178806434341,
                    -0.5259633202702674,
                    -0.02363435677470756,
                    64.0895131556743
                ],
                [
                    0.021268565072593667,
                    0.010543726366967366,
                    -0.9997181992812024,
                    0.09526379138270923
                ],
                [
                    0.5260642976192462,
                    -0.8504418942905937,
                    0.0022224324049269603,
                    -40.38256522678499
                ],
                [
                    0.0,
                    0.0,
                    0.0,
                    1.0
                ]
            ],
            "intrinsics": [
                [
                    1256.7485116440405,
                    0.0,
                    817.7887570959712
                ],
                [
                    0.0,
                    1256.7485116440403,
                    451.9541780095127
                ],
                [
                    0.0,
                    0.0,
                    1.0
                ]
            ],
            "is_key_frame": false
        },
        {
            "file_path": "images/0851",
            "time": 1535385104387558,
            "transform_matrix": [
                [
                    -0.022115096566893026,
                    0.9997103240994459,
                    0.009496862261623941,
                    2.03688341076217
                ],
                [
                    -0.0045212760328075235,
                    0.009399079922071701,
                    -0.9999456062004835,
                    2.2547680859142405
                ],
                [
                    -0.9997452078239089,
                    -0.022156831578494438,
                    0.00431210476798453,
                    98.2740944711075
                ],
                [
                    0.0,
                    0.0,
                    0.0,
                    1.0
                ]
            ],
            "intrinsics": [
                [
                    796.8910634503094,
                    0.0,
                    857.7774326863696
                ],
                [
                    0.0,
                    796.8910634503094,
                    476.8848988407415
                ],
                [
                    0.0,
                    0.0,
                    1.0
                ]
            ],
            "is_key_frame": false
        },
        {
            "file_path": "images/0816",
            "time": 1535385101187558,
            "transform_matrix": [
                [
                    0.020935470674729895,
                    0.9996067534416914,
                    0.018655951902562255,
                    -1.477511262226311
                ],
                [
                    -0.0002316699983158394,
                    0.01866489148031914,
                    -0.9998257688992824,
                    1.769264446962107
                ],
                [
                    -0.9997808021744772,
                    0.020927501040284333,
                    0.0006223371831195536,
                    75.66607000765633
                ],
                [
                    0.0,
                    0.0,
                    0.0,
                    1.0
                ]
            ],
            "intrinsics": [
                [
                    796.8910634503094,
                    0.0,
                    857.7774326863696
                ],
                [
                    0.0,
                    796.8910634503094,
                    476.8848988407415
                ],
                [
                    0.0,
                    0.0,
                    1.0
                ]
            ],
            "is_key_frame": false
        },
        {
            "file_path": "images/1297",
            "time": 1535385102154799,
            "transform_matrix": [
                [
                    0.8286418395151723,
                    -0.5596716989888434,
                    -0.010967732484616684,
                    -70.46777394490968
                ],
                [
                    -0.002103536893304558,
                    0.0164795542919659,
                    -0.9998619901880849,
                    1.8664612665593623
                ],
                [
                    0.5597752021458714,
                    0.8285505498406727,
                    0.01247835811592329,
                    -48.00169884083275
                ],
                [
                    0.0,
                    0.0,
                    0.0,
                    1.0
                ]
            ],
            "intrinsics": [
                [
                    1257.8625342125129,
                    0.0,
                    827.2410631095686
                ],
                [
                    0.0,
                    1257.8625342125129,
                    450.915498205774
                ],
                [
                    0.0,
                    0.0,
                    1.0
                ]
            ],
            "is_key_frame": false
        },
        {
            "file_path": "images/1292",
            "time": 1535385101754799,
            "transform_matrix": [
                [
                    0.8229523891046373,
                    -0.5678830731214951,
                    -0.016067997045584766,
                    -67.42843822076931
                ],
                [
                    -0.0020432329792248417,
                    0.025324450508330945,
                    -0.9996771966017052,
                    1.8493674809934988
                ],
                [
                    0.5681066717316061,
                    0.8227195679382728,
                    0.019680499625247698,
                    -46.94493174300529
                ],
                [
                    0.0,
                    0.0,
                    0.0,
                    1.0
                ]
            ],
            "intrinsics": [
                [
                    1257.8625342125129,
                    0.0,
                    827.2410631095686
                ],
                [
                    0.0,
                    1257.8625342125129,
                    450.915498205774
                ],
                [
                    0.0,
                    0.0,
                    1.0
                ]
            ],
            "is_key_frame": false
        },
        {
            "file_path": "images/0767",
            "time": 1535385096937558,
            "transform_matrix": [
                [
                    -0.01558407606806109,
                    0.9998308557739347,
                    0.009767108859188509,
                    0.5677955760899757
                ],
                [
                    -0.0046042091210050365,
                    0.00969643391256191,
                    -0.9999423885543359,
                    1.8516950889660035
                ],
                [
                    -0.9998679601984835,
                    -0.015628148058604772,
                    0.004452320381934359,
                    40.18694778363597
                ],
                [
                    0.0,
                    0.0,
                    0.0,
                    1.0
                ]
            ],
            "intrinsics": [
                [
                    796.8910634503094,
                    0.0,
                    857.7774326863696
                ],
                [
                    0.0,
                    796.8910634503094,
                    476.8848988407415
                ],
                [
                    0.0,
                    0.0,
                    1.0
                ]
            ],
            "is_key_frame": false
        },
        {
            "file_path": "images/0980",
            "time": 1535385095397405,
            "transform_matrix": [
                [
                    0.9436954521704646,
                    0.3307714027342215,
                    0.005401174503611966,
                    -26.76721377633382
                ],
                [
                    -0.003109204496554616,
                    0.025194366793065064,
                    -0.999677736437746,
                    1.7127597503519054
                ],
                [
                    -0.3308008863352419,
                    0.9433745401563117,
                    0.024804245295642995,
                    8.911630822865117
                ],
                [
                    0.0,
                    0.0,
                    0.0,
                    1.0
                ]
            ],
            "intrinsics": [
                [
                    1254.9860565800168,
                    0.0,
                    829.5769333630991
                ],
                [
                    0.0,
                    1254.9860565800168,
                    467.1680561863987
                ],
                [
                    0.0,
                    0.0,
                    1.0
                ]
            ],
            "is_key_frame": false
        },
        {
            "file_path": "images/0826",
            "time": 1535385102137560,
            "transform_matrix": [
                [
                    -0.0009775525034948433,
                    0.9999321452186403,
                    0.011608158749376755,
                    0.267135152900759
                ],
                [
                    -0.015421984864333917,
                    0.011591708991980724,
                    -0.9998138800124197,
                    3.05742097588953
                ],
                [
                    -0.9998805962583467,
                    -0.0011563914099707105,
                    0.015409606904777945,
                    83.5883471521685
                ],
                [
                    0.0,
                    0.0,
                    0.0,
                    1.0
                ]
            ],
            "intrinsics": [
                [
                    796.8910634503094,
                    0.0,
                    857.7774326863696
                ],
                [
                    0.0,
                    796.8910634503094,
                    476.8848988407415
                ],
                [
                    0.0,
                    0.0,
                    1.0
                ]
            ],
            "is_key_frame": false
        },
        {
            "file_path": "images/0240",
            "time": 1535385092270482,
            "transform_matrix": [
                [
                    -0.8439330666251594,
                    -0.5362074021116332,
                    -0.01608107513035595,
                    1.8450268506164322
                ],
                [
                    0.016600740513521842,
                    0.0038582562679389826,
                    -0.9998547540882997,
                    1.4802688511411732
                ],
                [
                    0.5361915650875697,
                    -0.8440774465529007,
                    0.005645329899857401,
                    -1.7621515005080244
                ],
                [
                    0.0,
                    0.0,
                    0.0,
                    1.0
                ]
            ],
            "intrinsics": [
                [
                    1256.7485116440405,
                    0.0,
                    817.7887570959712
                ],
                [
                    0.0,
                    1256.7485116440403,
                    451.9541780095127
                ],
                [
                    0.0,
                    0.0,
                    1.0
                ]
            ],
            "is_key_frame": false
        },
        {
            "file_path": "images/0651",
            "time": 1535385106928113,
            "transform_matrix": [
                [
                    -0.9225718980135004,
                    0.3857620657093901,
                    0.006980089927283575,
                    111.04822723825025
                ],
                [
                    -0.00777251815627131,
                    -0.0004946795328965887,
                    -0.9999696711669167,
                    2.7703010628414626
                ],
                [
                    -0.38574691308846426,
                    -0.9225981703600897,
                    0.0034547200952998046,
                    46.070249263931096
                ],
                [
                    0.0,
                    0.0,
                    0.0,
                    1.0
                ]
            ],
            "intrinsics": [
                [
                    1249.9629280788233,
                    0.0,
                    825.3768045375984
                ],
                [
                    0.0,
                    1249.9629280788233,
                    462.54816385708756
                ],
                [
                    0.0,
                    0.0,
                    1.0
                ]
            ],
            "is_key_frame": true
        },
        {
            "file_path": "images/0417",
            "time": 1535385107170482,
            "transform_matrix": [
                [
                    -0.8452333062844787,
                    -0.5340645583441791,
                    -0.018860155567929963,
                    103.59495026797258
                ],
                [
                    0.013932412747648695,
                    0.01325781280568146,
                    -0.9998150420325951,
                    0.10333737965728466
                ],
                [
                    0.5342158232610101,
                    -0.845339741122022,
                    -0.0037651370911050306,
                    -65.89895951120441
                ],
                [
                    0.0,
                    0.0,
                    0.0,
                    1.0
                ]
            ],
            "intrinsics": [
                [
                    1256.7485116440405,
                    0.0,
                    817.7887570959712
                ],
                [
                    0.0,
                    1256.7485116440403,
                    451.9541780095127
                ],
                [
                    0.0,
                    0.0,
                    1.0
                ]
            ],
            "is_key_frame": false
        },
        {
            "file_path": "images/0573",
            "time": 1535385100378113,
            "transform_matrix": [
                [
                    -0.9194501017421403,
                    0.39320384626166616,
                    0.0014985631128907617,
                    64.34450882024572
                ],
                [
                    -0.00466387780285548,
                    -0.007094777553376846,
                    -0.9999639555380543,
                    2.0360684005517795
                ],
                [
                    -0.3931790414686563,
                    -0.9194239497731737,
                    0.008357148633867396,
                    26.96230322937057
                ],
                [
                    0.0,
                    0.0,
                    0.0,
                    1.0
                ]
            ],
            "intrinsics": [
                [
                    1249.9629280788233,
                    0.0,
                    825.3768045375984
                ],
                [
                    0.0,
                    1249.9629280788233,
                    462.54816385708756
                ],
                [
                    0.0,
                    0.0,
                    1.0
                ]
            ],
            "is_key_frame": true
        },
        {
            "file_path": "images/1037",
            "time": 1535385100197405,
            "transform_matrix": [
                [
                    0.9513698637547036,
                    0.3080142388547506,
                    -0.0047551027419473115,
                    -65.10551877523811
                ],
                [
                    -0.012955653565178048,
                    0.02458442198909979,
                    -0.9996138040444229,
                    2.597545566484048
                ],
                [
                    -0.30777838354903503,
                    0.9510640540248546,
                    0.02737940397000215,
                    20.52393238683093
                ],
                [
                    0.0,
                    0.0,
                    0.0,
                    1.0
                ]
            ],
            "intrinsics": [
                [
                    1254.9860565800168,
                    0.0,
                    829.5769333630991
                ],
                [
                    0.0,
                    1254.9860565800168,
                    467.1680561863987
                ],
                [
                    0.0,
                    0.0,
                    1.0
                ]
            ],
            "is_key_frame": false
        },
        {
            "file_path": "images/0411",
            "time": 1535385106670482,
            "transform_matrix": [
                [
                    -0.845875002251264,
                    -0.5331541707994216,
                    -0.01555990763482796,
                    100.14062881711246
                ],
                [
                    0.01319267026351628,
                    0.008250285075216099,
                    -0.9998789357954767,
                    0.23959688782330996
                ],
                [
                    0.533217998587577,
                    -0.8459778737977477,
                    5.501726840321966e-05,
                    -63.50715269272906
                ],
                [
                    0.0,
                    0.0,
                    0.0,
                    1.0
                ]
            ],
            "intrinsics": [
                [
                    1256.7485116440405,
                    0.0,
                    817.7887570959712
                ],
                [
                    0.0,
                    1256.7485116440403,
                    451.9541780095127
                ],
                [
                    0.0,
                    0.0,
                    1.0
                ]
            ],
            "is_key_frame": false
        },
        {
            "file_path": "images/0977",
            "time": 1535385095147405,
            "transform_matrix": [
                [
                    0.9441800029197978,
                    0.3294230723569438,
                    0.002135763395711164,
                    -24.735868475248612
                ],
                [
                    -0.005817643192779273,
                    0.023155806573348762,
                    -0.9997149411955485,
                    1.768315948790144
                ],
                [
                    -0.32937862273385654,
                    0.943898430987598,
                    0.023779715412476542,
                    8.160220524235937
                ],
                [
                    0.0,
                    0.0,
                    0.0,
                    1.0
                ]
            ],
            "intrinsics": [
                [
                    1254.9860565800168,
                    0.0,
                    829.5769333630991
                ],
                [
                    0.0,
                    1254.9860565800168,
                    467.1680561863987
                ],
                [
                    0.0,
                    0.0,
                    1.0
                ]
            ],
            "is_key_frame": false
        },
        {
            "file_path": "images/0793",
            "time": 1535385099137558,
            "transform_matrix": [
                [
                    0.01181507540368925,
                    0.9994126037722187,
                    0.03216910652223153,
                    -0.8817704814852658
                ],
                [
                    -0.005625217616237041,
                    0.03223727562570697,
                    -0.9994644140673551,
                    2.0417199378898614
                ],
                [
                    -0.9999143767943206,
                    0.011627789190802531,
                    0.006002799226956026,
                    58.788227269341064
                ],
                [
                    0.0,
                    0.0,
                    0.0,
                    1.0
                ]
            ],
            "intrinsics": [
                [
                    796.8910634503094,
                    0.0,
                    857.7774326863696
                ],
                [
                    0.0,
                    796.8910634503094,
                    476.8848988407415
                ],
                [
                    0.0,
                    0.0,
                    1.0
                ]
            ],
            "is_key_frame": false
        },
        {
            "file_path": "images/1078",
            "time": 1535385103647405,
            "transform_matrix": [
                [
                    0.9351075145795196,
                    0.3543631359080015,
                    0.000839098540631197,
                    -88.41164448103015
                ],
                [
                    -0.005350411958413965,
                    0.01648642966125903,
                    -0.9998497740805363,
                    2.289267882628689
                ],
                [
                    -0.35432373511915466,
                    0.9349625476704785,
                    0.017312573024813257,
                    32.95900764004379
                ],
                [
                    0.0,
                    0.0,
                    0.0,
                    1.0
                ]
            ],
            "intrinsics": [
                [
                    1254.9860565800168,
                    0.0,
                    829.5769333630991
                ],
                [
                    0.0,
                    1254.9860565800168,
                    467.1680561863987
                ],
                [
                    0.0,
                    0.0,
                    1.0
                ]
            ],
            "is_key_frame": false
        },
        {
            "file_path": "images/0736",
            "time": 1535385094387558,
            "transform_matrix": [
                [
                    0.002636984542725633,
                    0.9999706776868597,
                    0.0071895812817545784,
                    0.013188627296767856
                ],
                [
                    -0.0071150169041715745,
                    0.007208186063884272,
                    -0.9999487079786266,
                    1.7427291929890125
                ],
                [
                    -0.9999712110090858,
                    0.002585695294104505,
                    0.007133816150649467,
                    18.515262098570535
                ],
                [
                    0.0,
                    0.0,
                    0.0,
                    1.0
                ]
            ],
            "intrinsics": [
                [
                    796.8910634503094,
                    0.0,
                    857.7774326863696
                ],
                [
                    0.0,
                    796.8910634503094,
                    476.8848988407415
                ],
                [
                    0.0,
                    0.0,
                    1.0
                ]
            ],
            "is_key_frame": false
        },
        {
            "file_path": "images/1172",
            "time": 1535385111697405,
            "transform_matrix": [
                [
                    0.9408731661143044,
                    0.3387584880684323,
                    0.0006099570753461943,
                    -152.3687218571118
                ],
                [
                    -0.009666635778531813,
                    0.02864800962102985,
                    -0.9995428193416619,
                    3.508556955702406
                ],
                [
                    -0.3386210882960025,
                    0.94043712086792,
                    0.03022879843605508,
                    54.168262545372905
                ],
                [
                    0.0,
                    0.0,
                    0.0,
                    1.0
                ]
            ],
            "intrinsics": [
                [
                    1254.9860565800168,
                    0.0,
                    829.5769333630991
                ],
                [
                    0.0,
                    1254.9860565800168,
                    467.1680561863987
                ],
                [
                    0.0,
                    0.0,
                    1.0
                ]
            ],
            "is_key_frame": false
        },
        {
            "file_path": "images/0402",
            "time": 1535385105920482,
            "transform_matrix": [
                [
                    -0.8456546588436201,
                    -0.5336247493324746,
                    -0.010621905475681365,
                    94.71016448442867
                ],
                [
                    0.015314267830104693,
                    -0.004366407980048487,
                    -0.9998731958014375,
                    0.07764659522677429
                ],
                [
                    0.53351070390097,
                    -0.8457100929876653,
                    0.011864545582789961,
                    -60.083517269387755
                ],
                [
                    0.0,
                    0.0,
                    0.0,
                    1.0
                ]
            ],
            "intrinsics": [
                [
                    1256.7485116440405,
                    0.0,
                    817.7887570959712
                ],
                [
                    0.0,
                    1256.7485116440403,
                    451.9541780095127
                ],
                [
                    0.0,
                    0.0,
                    1.0
                ]
            ],
            "is_key_frame": true
        },
        {
            "file_path": "images/0733",
            "time": 1535385094137558,
            "transform_matrix": [
                [
                    0.004160092447612688,
                    0.9999434632934409,
                    0.009785900446399888,
                    -0.013867019682323617
                ],
                [
                    -0.007110953746035193,
                    0.009815318766311627,
                    -0.9999265442292938,
                    1.7226495046009482
                ],
                [
                    -0.9999660634079786,
                    0.00409019977937809,
                    0.007151384349600518,
                    16.382379654932244
                ],
                [
                    0.0,
                    0.0,
                    0.0,
                    1.0
                ]
            ],
            "intrinsics": [
                [
                    796.8910634503094,
                    0.0,
                    857.7774326863696
                ],
                [
                    0.0,
                    796.8910634503094,
                    476.8848988407415
                ],
                [
                    0.0,
                    0.0,
                    1.0
                ]
            ],
            "is_key_frame": true
        },
        {
            "file_path": "images/0461",
            "time": 1535385110920482,
            "transform_matrix": [
                [
                    -0.8347358278522055,
                    -0.5504478429377749,
                    -0.014942218879528221,
                    129.44456534887047
                ],
                [
                    0.01570361512466984,
                    0.0033280599711776127,
                    -0.9998711519435113,
                    -0.5455261258842761
                ],
                [
                    0.5504266474035476,
                    -0.834862920617498,
                    0.005865970176516812,
                    -85.92258456576477
                ],
                [
                    0.0,
                    0.0,
                    0.0,
                    1.0
                ]
            ],
            "intrinsics": [
                [
                    1256.7485116440405,
                    0.0,
                    817.7887570959712
                ],
                [
                    0.0,
                    1256.7485116440403,
                    451.9541780095127
                ],
                [
                    0.0,
                    0.0,
                    1.0
                ]
            ],
            "is_key_frame": true
        },
        {
            "file_path": "images/0567",
            "time": 1535385099878113,
            "transform_matrix": [
                [
                    -0.9188119514970006,
                    0.39461371889027735,
                    -0.008038075009595858,
                    60.509251325403724
                ],
                [
                    0.00863217943229941,
                    -0.0002696956544152688,
                    -0.9999627056758186,
                    1.1496688117273959
                ],
                [
                    -0.3946011698722183,
                    -0.9188470711319922,
                    -0.003158576837364311,
                    25.500366473868134
                ],
                [
                    0.0,
                    0.0,
                    0.0,
                    1.0
                ]
            ],
            "intrinsics": [
                [
                    1249.9629280788233,
                    0.0,
                    825.3768045375984
                ],
                [
                    0.0,
                    1249.9629280788233,
                    462.54816385708756
                ],
                [
                    0.0,
                    0.0,
                    1.0
                ]
            ],
            "is_key_frame": true
        },
        {
            "file_path": "images/0485",
            "time": 1535385093028113,
            "transform_matrix": [
                [
                    -0.923718331466487,
                    0.38301916241446093,
                    -0.006384773770120565,
                    7.5465663910238945
                ],
                [
                    0.0018758225935453848,
                    -0.012144457564471451,
                    -0.9999244938694439,
                    1.5502732352064486
                ],
                [
                    -0.38306778173368794,
                    -0.9236605617724462,
                    0.010499582079401255,
                    2.565169254220975
                ],
                [
                    0.0,
                    0.0,
                    0.0,
                    1.0
                ]
            ],
            "intrinsics": [
                [
                    1249.9629280788233,
                    0.0,
                    825.3768045375984
                ],
                [
                    0.0,
                    1249.9629280788233,
                    462.54816385708756
                ],
                [
                    0.0,
                    0.0,
                    1.0
                ]
            ],
            "is_key_frame": false
        },
        {
            "file_path": "images/0206",
            "time": 1535385109362404,
            "transform_matrix": [
                [
                    0.011874945975066477,
                    -0.9997590405840908,
                    -0.018462026661985296,
                    -1.6883953984011815
                ],
                [
                    0.005726965869818101,
                    0.01853102629069696,
                    -0.9998118837694119,
                    1.0202441555535602
                ],
                [
                    0.9999130899833323,
                    0.011766980708410325,
                    0.005945640839531731,
                    -141.82715743786926
                ],
                [
                    0.0,
                    0.0,
                    0.0,
                    1.0
                ]
            ],
            "intrinsics": [
                [
                    1252.8131021185304,
                    0.0,
                    826.588114781398
                ],
                [
                    0.0,
                    1252.8131021185304,
                    469.9846626224581
                ],
                [
                    0.0,
                    0.0,
                    1.0
                ]
            ],
            "is_key_frame": true
        },
        {
            "file_path": "images/0048",
            "time": 1535385096112404,
            "transform_matrix": [
                [
                    0.02879740631370761,
                    -0.9994018218770846,
                    -0.019149616663686527,
                    -1.0046797372523966
                ],
                [
                    0.01237108901497545,
                    0.019512432338279928,
                    -0.9997330749459209,
                    1.1505134360940894
                ],
                [
                    0.9995087120911882,
                    0.02855281795212083,
                    0.012925596342384231,
                    -34.88152375140643
                ],
                [
                    0.0,
                    0.0,
                    0.0,
                    1.0
                ]
            ],
            "intrinsics": [
                [
                    1252.8131021185304,
                    0.0,
                    826.588114781398
                ],
                [
                    0.0,
                    1252.8131021185304,
                    469.9846626224581
                ],
                [
                    0.0,
                    0.0,
                    1.0
                ]
            ],
            "is_key_frame": false
        },
        {
            "file_path": "images/0842",
            "time": 1535385103637558,
            "transform_matrix": [
                [
                    -0.02856019952873638,
                    0.999553729417991,
                    0.008755398875274822,
                    2.684466669144183
                ],
                [
                    -0.0031199638010329348,
                    0.008669789486546004,
                    -0.9999575493870427,
                    2.0863312484098318
                ],
                [
                    -0.9995872052146124,
                    -0.0285863036583147,
                    0.002870960535363687,
                    93.28208942344598
                ],
                [
                    0.0,
                    0.0,
                    0.0,
                    1.0
                ]
            ],
            "intrinsics": [
                [
                    796.8910634503094,
                    0.0,
                    857.7774326863696
                ],
                [
                    0.0,
                    796.8910634503094,
                    476.8848988407415
                ],
                [
                    0.0,
                    0.0,
                    1.0
                ]
            ],
            "is_key_frame": false
        },
        {
            "file_path": "images/0255",
            "time": 1535385093620482,
            "transform_matrix": [
                [
                    -0.842587355045221,
                    -0.5382776594671731,
                    -0.017427289991385868,
                    11.077765334292598
                ],
                [
                    0.0195038928769936,
                    0.0018395933145132915,
                    -0.9998080886145516,
                    1.288694454624492
                ],
                [
                    0.5382064169819463,
                    -0.84276555293568,
                    0.008948491743091948,
                    -7.726244389160864
                ],
                [
                    0.0,
                    0.0,
                    0.0,
