{
    "frames": [
        {
            "file_path": "images/0555",
            "time": 1535385098878113,
            "transform_matrix": [
                [
                    -0.9983490054489788,
                    0.04995299653142044,
                    0.028354214088380736,
                    58.61259439836085
                ],
                [
                    -0.029180296132581947,
                    -0.015886121578101767,
                    -0.9994479183323274,
                    3.6750344724499016
                ],
                [
                    -0.04947497990553046,
                    -0.9986252196288352,
                    0.017317536909436073,
                    -0.2520904476486754
                ],
                [
                    0.0,
                    0.0,
                    0.0,
                    1.0
                ]
            ],
            "intrinsics": [
                [
                    1249.9629280788233,
                    0.0,
                    825.3768045375984
                ],
                [
                    0.0,
                    1249.9629280788233,
                    462.54816385708756
                ],
                [
                    0.0,
                    0.0,
                    1.0
                ]
            ],
            "is_key_frame": true
        },
        {
            "file_path": "images/0069",
            "time": 1535385097862411,
            "transform_matrix": [
                [
                    0.3626872859109825,
                    -0.9319099589422876,
                    0.0013270503801300598,
                    -16.861468435881797
                ],
                [
                    0.03211927351253517,
                    0.011077216011700997,
                    -0.9994226571148257,
                    0.32636964935519497
                ],
                [
                    0.9313572273341487,
                    0.3625205148810425,
                    0.033949836271056216,
                    -49.27981531842391
                ],
                [
                    0.0,
                    0.0,
                    0.0,
                    1.0
                ]
            ],
            "intrinsics": [
                [
                    1252.8131021185304,
                    0.0,
                    826.588114781398
                ],
                [
                    0.0,
                    1252.8131021185304,
                    469.9846626224581
                ],
                [
                    0.0,
                    0.0,
                    1.0
                ]
            ],
            "is_key_frame": true
        },
        {
            "file_path": "images/1163",
            "time": 1535385110947405,
            "transform_matrix": [
                [
                    0.7762019079042026,
                    0.6300610728675524,
                    0.02310070611182579,
                    -119.6835142387709
                ],
                [
                    -0.008505049943338752,
                    0.04709998649916635,
                    -0.9988539710073938,
                    3.5465379114366535
                ],
                [
                    -0.6304270475569216,
                    0.7751158853544203,
                    0.041917800275007196,
                    94.51797638908451
                ],
                [
                    0.0,
                    0.0,
                    0.0,
                    1.0
                ]
            ],
            "intrinsics": [
                [
                    1254.9860565800168,
                    0.0,
                    829.5769333630991
                ],
                [
                    0.0,
                    1254.9860565800168,
                    467.1680561863987
                ],
                [
                    0.0,
                    0.0,
                    1.0
                ]
            ],
            "is_key_frame": true
        },
        {
            "file_path": "images/0970",
            "time": 1535385094547405,
            "transform_matrix": [
                [
                    0.7815806522517227,
                    0.6233567074514776,
                    0.02362412540233555,
                    -15.599281474734491
                ],
                [
                    -0.005668545561233698,
                    0.044966669283670005,
                    -0.9989724051467853,
                    2.0226931873912086
                ],
                [
                    -0.6237784475412661,
                    0.7806435895649088,
                    0.03867860460540757,
                    9.893062785142074
                ],
                [
                    0.0,
                    0.0,
                    0.0,
                    1.0
                ]
            ],
            "intrinsics": [
                [
                    1254.9860565800168,
                    0.0,
                    829.5769333630991
                ],
                [
                    0.0,
                    1254.9860565800168,
                    467.1680561863987
                ],
                [
                    0.0,
                    0.0,
                    1.0
                ]
            ],
            "is_key_frame": true
        },
        {
            "file_path": "images/0881",
            "time": 1535385106937558,
            "transform_matrix": [
                [
                    -0.32237986742881436,
                    0.9455479068711231,
                    0.044837226589303635,
                    39.265887505558474
                ],
                [
                    -0.038063521751847705,
                    0.03437932251980103,
                    -0.9986837489891022,
                    6.71434895428116
                ],
                [
                    -0.9458448019566573,
                    -0.3236621973519921,
                    0.02490768188437706,
                    110.09605390505412
                ],
                [
                    0.0,
                    0.0,
                    0.0,
                    1.0
                ]
            ],
            "intrinsics": [
                [
                    796.8910634503094,
                    0.0,
                    857.7774326863696
                ],
                [
                    0.0,
                    796.8910634503094,
                    476.8848988407415
                ],
                [
                    0.0,
                    0.0,
                    1.0
                ]
            ],
            "is_key_frame": true
        },
        {
            "file_path": "images/0975",
            "time": 1535385094947405,
            "transform_matrix": [
                [
                    0.780211520686295,
                    0.6249036381204646,
                    0.02766633427449091,
                    -18.23857754632538
                ],
                [
                    -0.0028135821630814236,
                    0.04773515975977428,
                    -0.9988560648452414,
                    1.984076941696662
                ],
                [
                    -0.6255094457670416,
                    0.779241167795001,
                    0.03900173931623708,
                    12.056138727897466
                ],
                [
                    0.0,
                    0.0,
                    0.0,
                    1.0
                ]
            ],
            "intrinsics": [
                [
                    1254.9860565800168,
                    0.0,
                    829.5769333630991
                ],
                [
                    0.0,
                    1254.9860565800168,
                    467.1680561863987
                ],
                [
                    0.0,
                    0.0,
                    1.0
                ]
            ],
            "is_key_frame": true
        },
        {
            "file_path": "images/1371",
            "time": 1535385108404799,
            "transform_matrix": [
                [
                    0.9637628284797274,
                    -0.26621640703903304,
                    0.017030415848871612,
                    -127.23790350792231
                ],
                [
                    0.027845353714073602,
                    0.036902718858942224,
                    -0.9989308412584714,
                    -1.5858104841972505
                ],
                [
                    0.2653033107921868,
                    0.9632066309801064,
                    0.042978358724577885,
                    -38.64918714792268
                ],
                [
                    0.0,
                    0.0,
                    0.0,
                    1.0
                ]
            ],
            "intrinsics": [
                [
                    1257.8625342125129,
                    0.0,
                    827.2410631095686
                ],
                [
                    0.0,
                    1257.8625342125129,
                    450.915498205774
                ],
                [
                    0.0,
                    0.0,
                    1.0
                ]
            ],
            "is_key_frame": true
        },
        {
            "file_path": "images/0057",
            "time": 1535385096862404,
            "transform_matrix": [
                [
                    0.366283207431659,
                    -0.9304258064911889,
                    0.012017926975933237,
                    -14.03859788131553
                ],
                [
                    0.03735173620167664,
                    0.001796803688922392,
                    -0.9993005650449842,
                    0.37152701948869843
                ],
                [
                    0.9297534403035557,
                    0.3664759065910418,
                    0.03541115829759455,
                    -41.17221346767906
                ],
                [
                    0.0,
                    0.0,
                    0.0,
                    1.0
                ]
            ],
            "intrinsics": [
                [
                    1252.8131021185304,
                    0.0,
                    826.588114781398
                ],
                [
                    0.0,
                    1252.8131021185304,
                    469.9846626224581
                ],
                [
                    0.0,
                    0.0,
                    1.0
                ]
            ],
            "is_key_frame": true
        },
        {
            "file_path": "images/1306",
            "time": 1535385102904799,
            "transform_matrix": [
                [
                    0.9717285100225467,
                    -0.23589019798233196,
                    0.009975836066147756,
                    -86.63036734539965
                ],
                [
                    0.020075021340563708,
                    0.040450223364866256,
                    -0.9989798661374054,
                    0.1952634933303481
                ],
                [
                    0.2352460336063887,
                    0.9709374819861414,
                    0.04404213603894573,
                    -24.427563320709567
                ],
                [
                    0.0,
                    0.0,
                    0.0,
                    1.0
                ]
            ],
            "intrinsics": [
                [
                    1257.8625342125129,
                    0.0,
                    827.2410631095686
                ],
                [
                    0.0,
                    1257.8625342125129,
                    450.915498205774
                ],
                [
                    0.0,
                    0.0,
                    1.0
                ]
            ],
            "is_key_frame": true
        },
        {
            "file_path": "images/0869",
            "time": 1535385105937572,
            "transform_matrix": [
                [
                    -0.3224824056228127,
                    0.9462116484493147,
                    0.026241463422521226,
                    36.46800102872037
                ],
                [
                    -0.0342935537574265,
                    0.016025578137458987,
                    -0.9992833096855203,
                    5.954654163110201
                ],
                [
                    -0.9459540423479413,
                    -0.3231511986426663,
                    0.02728099304273554,
                    102.04666792681104
                ],
                [
                    0.0,
                    0.0,
                    0.0,
                    1.0
                ]
            ],
            "intrinsics": [
                [
                    796.8910634503094,
                    0.0,
                    857.7774326863696
                ],
                [
                    0.0,
                    796.8910634503094,
                    476.8848988407415
                ],
                [
                    0.0,
                    0.0,
                    1.0
                ]
            ],
            "is_key_frame": true
        },
        {
            "file_path": "images/1123",
            "time": 1535385107447405,
            "transform_matrix": [
                [
                    0.7888309447983206,
                    0.6140443686845097,
                    0.02636766609755696,
                    -97.64027995481645
                ],
                [
                    -0.007093123595163684,
                    0.05199398274929128,
                    -0.9986222075217089,
                    3.0354327471646636
                ],
                [
                    -0.6145693029482142,
                    0.7875570703413873,
                    0.045369955135944405,
                    73.24170457450488
                ],
                [
                    0.0,
                    0.0,
                    0.0,
                    1.0
                ]
            ],
            "intrinsics": [
                [
                    1254.9860565800168,
                    0.0,
                    829.5769333630991
                ],
                [
                    0.0,
                    1254.9860565800168,
                    467.1680561863987
                ],
                [
                    0.0,
                    0.0,
                    1.0
                ]
            ],
            "is_key_frame": true
        },
        {
            "file_path": "images/0420",
            "time": 1535385107420482,
            "transform_matrix": [
                [
                    -0.6184950551277358,
                    -0.7857817402208581,
                    0.003305074586409682,
                    77.93090402709424
                ],
                [
                    0.020066929896571817,
                    -0.01999924917646349,
                    -0.9995985936149099,
                    -0.3788012433791422
                ],
                [
                    0.7855324214232455,
                    -0.6181804645634316,
                    0.028137663816928178,
                    -101.13808547565604
                ],
                [
                    0.0,
                    0.0,
                    0.0,
                    1.0
                ]
            ],
            "intrinsics": [
                [
                    1256.7485116440405,
                    0.0,
                    817.7887570959712
                ],
                [
                    0.0,
                    1256.7485116440403,
                    451.9541780095127
                ],
                [
                    0.0,
                    0.0,
                    1.0
                ]
            ],
            "is_key_frame": true
        },
        {
            "file_path": "images/0277",
            "time": 1535385095420482,
            "transform_matrix": [
                [
                    -0.6059626864079586,
                    -0.7954893961508271,
                    -0.002417290392798981,
                    18.11618887114365
                ],
                [
                    0.0272525176308748,
                    -0.017722418532213464,
                    -0.9994714684092528,
                    1.104831966276203
                ],
                [
                    0.7950261146428014,
                    -0.6057082932344263,
                    0.032418213137200586,
                    -26.17863516545627
                ],
                [
                    0.0,
                    0.0,
                    0.0,
                    1.0
                ]
            ],
            "intrinsics": [
                [
                    1256.7485116440405,
                    0.0,
                    817.7887570959712
                ],
                [
                    0.0,
                    1256.7485116440403,
                    451.9541780095127
                ],
                [
                    0.0,
                    0.0,
                    1.0
                ]
            ],
            "is_key_frame": true
        },
        {
            "file_path": "images/0219",
            "time": 1535385110412404,
            "transform_matrix": [
                [
                    0.3518023360459397,
                    -0.9359856330865327,
                    0.012884525921525941,
                    -52.18332009344822
                ],
                [
                    0.024691875844986586,
                    -0.004480633484311128,
                    -0.9996850680043363,
                    -1.573680205625657
                ],
                [
                    0.9357485921014654,
                    0.3520096853485454,
                    0.02153494371811752,
                    -144.12179198872354
                ],
                [
                    0.0,
                    0.0,
                    0.0,
                    1.0
                ]
            ],
            "intrinsics": [
                [
                    1252.8131021185304,
                    0.0,
                    826.588114781398
                ],
                [
                    0.0,
                    1252.8131021185304,
                    469.9846626224581
                ],
                [
                    0.0,
                    0.0,
                    1.0
                ]
            ],
            "is_key_frame": true
        },
        {
            "file_path": "images/0467",
            "time": 1535385111420482,
            "transform_matrix": [
                [
                    -0.5993061952545596,
                    -0.8005190709561666,
                    -0.0011407738517848292,
                    96.4593465340852
                ],
                [
                    0.025546199980693834,
                    -0.01770073151235781,
                    -0.9995169212026749,
                    -1.8643038432285324
                ],
                [
                    0.8001121646344658,
                    -0.5990458255754766,
                    0.03105837833089901,
                    -130.9289938725515
                ],
                [
                    0.0,
                    0.0,
                    0.0,
                    1.0
                ]
            ],
            "intrinsics": [
                [
                    1256.7485116440405,
                    0.0,
                    817.7887570959712
                ],
                [
                    0.0,
                    1256.7485116440403,
                    451.9541780095127
                ],
                [
                    0.0,
                    0.0,
                    1.0
                ]
            ],
            "is_key_frame": true
        },
        {
            "file_path": "images/0948",
            "time": 1535385092697405,
            "transform_matrix": [
                [
                    0.7860175054070813,
                    0.6174495140289403,
                    0.030538153497786668,
                    -3.437825554423034
                ],
                [
                    0.00018540576976897285,
                    0.04916271345009743,
                    -0.9987907654914134,
                    1.8699851240632652
                ],
                [
                    -0.6182042112589731,
                    0.7850726878650464,
                    0.03852827468264666,
                    0.05519243011336261
                ],
                [
                    0.0,
                    0.0,
                    0.0,
                    1.0
                ]
            ],
            "intrinsics": [
                [
                    1254.9860565800168,
                    0.0,
                    829.5769333630991
                ],
                [
                    0.0,
                    1254.9860565800168,
                    467.1680561863987
                ],
                [
                    0.0,
                    0.0,
                    1.0
                ]
            ],
            "is_key_frame": true
        },
        {
            "file_path": "images/0225",
            "time": 1535385110912404,
            "transform_matrix": [
                [
                    0.35953591911034133,
                    -0.93306002575629,
                    0.011528712207078018,
                    -54.85252744701566
                ],
                [
                    0.034325055929466275,
                    0.0008779460792807892,
                    -0.9994103360212564,
                    -3.149661978061211
                ],
                [
                    0.9324997122814142,
                    0.35971963742108004,
                    0.03234299072017745,
                    -147.75586130391218
                ],
                [
                    0.0,
                    0.0,
                    0.0,
                    1.0
                ]
            ],
            "intrinsics": [
                [
                    1252.8131021185304,
                    0.0,
                    826.588114781398
                ],
                [
                    0.0,
                    1252.8131021185304,
                    469.9846626224581
                ],
                [
                    0.0,
                    0.0,
                    1.0
                ]
            ],
            "is_key_frame": true
        },
        {
            "file_path": "images/1189",
            "time": 1535385093155327,
            "transform_matrix": [
                [
                    0.9651593041454278,
                    -0.2600789174744301,
                    0.028748466165052163,
                    -8.079876591228048
                ],
                [
                    0.03724108231532327,
                    0.02778448923334858,
                    -0.9989199787500627,
                    1.480539481939926
                ],
                [
                    0.25899926526825856,
                    0.9651875355822673,
                    0.03650207866864022,
                    -5.732679235732713
                ],
                [
                    0.0,
                    0.0,
                    0.0,
                    1.0
                ]
            ],
            "intrinsics": [
                [
                    1257.8625342125129,
                    0.0,
                    827.2410631095686
                ],
                [
                    0.0,
                    1257.8625342125129,
                    450.915498205774
                ],
                [
                    0.0,
                    0.0,
                    1.0
                ]
            ],
            "is_key_frame": true
        },
        {
            "file_path": "images/0244",
            "time": 1535385092672949,
            "transform_matrix": [
                [
                    -0.6154225919533508,
                    -0.7881945918150186,
                    0.0020781595166745716,
                    4.051749321649389
                ],
                [
                    0.027091179225214482,
                    -0.023787694597671036,
                    -0.9993498954790139,
                    1.688150624377014
                ],
                [
                    0.7877316175713702,
                    -0.6149662031520796,
                    0.03599260561709881,
                    -7.531684743089511
                ],
                [
                    0.0,
                    0.0,
                    0.0,
                    1.0
                ]
            ],
            "intrinsics": [
                [
                    1256.7485116440405,
                    0.0,
                    817.7887570959712
                ],
                [
                    0.0,
                    1256.7485116440403,
                    451.9541780095127
                ],
                [
                    0.0,
                    0.0,
                    1.0
                ]
            ],
            "is_key_frame": true
        },
        {
            "file_path": "images/1111",
            "time": 1535385106447405,
            "transform_matrix": [
                [
                    0.7883832900600933,
                    0.6148909632710927,
                    0.018997137720477508,
                    -90.99817663062734
                ],
                [
                    -0.012044952744204739,
                    0.046303204260464276,
                    -0.9988548104647658,
                    3.5243198305537558
                ],
                [
                    -0.6150664249228799,
                    0.7872516221404443,
                    0.043911005110628135,
                    68.06274946163029
                ],
                [
                    0.0,
                    0.0,
                    0.0,
                    1.0
                ]
            ],
            "intrinsics": [
                [
                    1254.9860565800168,
                    0.0,
                    829.5769333630991
                ],
                [
                    0.0,
                    1254.9860565800168,
                    467.1680561863987
                ],
                [
                    0.0,
                    0.0,
                    1.0
                ]
            ],
            "is_key_frame": true
        },
        {
            "file_path": "images/1406",
            "time": 1535385111404799,
            "transform_matrix": [
                [
                    0.9703948525684721,
                    -0.2402758487344564,
                    0.024522369860054946,
                    -153.7905651299747
                ],
                [
                    0.03478629557599455,
                    0.03856888246446579,
                    -0.9986502665826233,
                    -3.3559843892690826
                ],
                [
                    0.23900573999114777,
                    0.9699381206140839,
                    0.04578535170668566,
                    -41.56642454901621
                ],
                [
                    0.0,
                    0.0,
                    0.0,
                    1.0
                ]
            ],
            "intrinsics": [
                [
                    1257.8625342125129,
                    0.0,
                    827.2410631095686
                ],
                [
                    0.0,
                    1257.8625342125129,
                    450.915498205774
                ],
                [
                    0.0,
                    0.0,
                    1.0
                ]
            ],
            "is_key_frame": true
        },
        {
            "file_path": "images/0025",
            "time": 1535385094112404,
            "transform_matrix": [
                [
                    0.34825840344745357,
                    -0.9373144615548457,
                    0.012557252421714769,
                    -5.2745467368837495
                ],
                [
                    0.03459313447920588,
                    -0.0005359834579143577,
                    -0.999401334684239,
                    1.2294667851864007
                ],
                [
                    0.936760054376325,
                    0.3484843079421005,
                    0.03223798447454366,
                    -19.503850644591907
                ],
                [
                    0.0,
                    0.0,
                    0.0,
                    1.0
                ]
            ],
            "intrinsics": [
                [
                    1252.8131021185304,
                    0.0,
                    826.588114781398
                ],
                [
                    0.0,
                    1252.8131021185304,
                    469.9846626224581
                ],
                [
                    0.0,
                    0.0,
                    1.0
                ]
            ],
            "is_key_frame": true
        },
        {
            "file_path": "images/0928",
            "time": 1535385110937558,
            "transform_matrix": [
                [
                    -0.34153210654149874,
                    0.9393011800888393,
                    0.032697297824774506,
                    53.54002627093184
                ],
                [
                    -0.034574553413528476,
                    0.022209445963989626,
                    -0.9991553136355875,
                    7.582431503469108
                ],
                [
                    -0.9392339540591483,
                    -0.3423741134982144,
                    0.02489067995717087,
                    141.809765237668
                ],
                [
                    0.0,
                    0.0,
                    0.0,
                    1.0
                ]
            ],
            "intrinsics": [
                [
                    796.8910634503094,
                    0.0,
                    857.7774326863696
                ],
                [
                    0.0,
                    796.8910634503094,
                    476.8848988407415
                ],
                [
                    0.0,
                    0.0,
                    1.0
                ]
            ],
            "is_key_frame": true
        },
        {
            "file_path": "images/0455",
            "time": 1535385110420482,
            "transform_matrix": [
                [
                    -0.6094316996514687,
                    -0.7926435935874856,
                    0.017582292360222893,
                    92.56060427563227
                ],
                [
                    0.010443313685832302,
                    -0.030199953713547358,
                    -0.9994893196002446,
                    0.5887566317322449
                ],
                [
                    0.7927697904557048,
                    -0.6089368574330325,
                    0.026682634809942294,
                    -122.83676167711131
                ],
                [
                    0.0,
                    0.0,
                    0.0,
                    1.0
                ]
            ],
            "intrinsics": [
                [
                    1256.7485116440405,
                    0.0,
                    817.7887570959712
                ],
                [
                    0.0,
                    1256.7485116440403,
                    451.9541780095127
                ],
                [
                    0.0,
                    0.0,
                    1.0
                ]
            ],
            "is_key_frame": true
        },
        {
            "file_path": "images/1004",
            "time": 1535385097397405,
            "transform_matrix": [
                [
                    0.7703200714045226,
                    0.6373048860155839,
                    0.02120070404479107,
                    -34.203541290364896
                ],
                [
                    -0.012078770660890737,
                    0.047825485077947816,
                    -0.9987826721946971,
                    2.498990255274363
                ],
                [
                    -0.6375430110123178,
                    0.7691262609206123,
                    0.044538790639447975,
                    25.48740803155249
                ],
                [
                    0.0,
                    0.0,
                    0.0,
                    1.0
                ]
            ],
            "intrinsics": [
                [
                    1254.9860565800168,
                    0.0,
                    829.5769333630991
                ],
                [
                    0.0,
                    1254.9860565800168,
                    467.1680561863987
                ],
                [
                    0.0,
                    0.0,
                    1.0
                ]
            ],
            "is_key_frame": true
        },
        {
            "file_path": "images/0755",
            "time": 1535385095937563,
            "transform_matrix": [
                [
                    -0.3418485342914453,
                    0.9390364980405566,
                    0.03674282175499478,
                    11.888270539764399
                ],
                [
                    -0.029091782729849566,
                    0.028505122029951858,
                    -0.9991702188294329,
                    2.885203200604437
                ],
                [
                    -0.9393046618538576,
                    -0.34263378900188196,
                    0.017573811590656806,
                    27.03819361402146
                ],
                [
                    0.0,
                    0.0,
                    0.0,
                    1.0
                ]
            ],
            "intrinsics": [
                [
                    796.8910634503094,
                    0.0,
                    857.7774326863696
                ],
                [
                    0.0,
                    796.8910634503094,
                    476.8848988407415
                ],
                [
                    0.0,
                    0.0,
                    1.0
                ]
            ],
            "is_key_frame": true
        },
        {
            "file_path": "images/1039",
            "time": 1535385100397405,
            "transform_matrix": [
                [
                    0.7935922465546854,
                    0.6078979800511775,
                    0.025911234204222696,
                    -54.792686600823245
                ],
                [
                    -0.007113400373444264,
                    0.05185222120834368,
                    -0.9986294341200281,
                    2.5187043400430023
                ],
                [
                    -0.6084083708689538,
                    0.7923202591158823,
                    0.04547374243589199,
                    39.34681864643875
                ],
                [
                    0.0,
                    0.0,
                    0.0,
                    1.0
                ]
            ],
            "intrinsics": [
                [
                    1254.9860565800168,
                    0.0,
                    829.5769333630991
                ],
                [
                    0.0,
                    1254.9860565800168,
                    467.1680561863987
                ],
                [
                    0.0,
                    0.0,
                    1.0
                ]
            ],
            "is_key_frame": true
        },
        {
            "file_path": "images/0372",
            "time": 1535385103420482,
            "transform_matrix": [
                [
                    -0.5886619097849235,
                    -0.808373558702199,
                    0.003057050786411206,
                    55.614744635981225
                ],
                [
                    0.025521927783017893,
                    -0.022364755328576316,
                    -0.9994240586064216,
                    -0.3375161276183516
                ],
                [
                    0.8079763531011325,
                    -0.588244853194855,
                    0.0337965311704909,
                    -78.6737780888832
                ],
                [
                    0.0,
                    0.0,
                    0.0,
                    1.0
                ]
            ],
            "intrinsics": [
                [
                    1256.7485116440405,
                    0.0,
                    817.7887570959712
                ],
                [
                    0.0,
                    1256.7485116440403,
                    451.9541780095127
                ],
                [
                    0.0,
                    0.0,
                    1.0
                ]
            ],
            "is_key_frame": true
        },
        {
            "file_path": "images/0212",
            "time": 1535385109862404,
            "transform_matrix": [
                [
                    0.34867260380326764,
                    -0.937155289851072,
                    0.012937467341210927,
                    -50.03370634024649
                ],
                [
                    0.028353564572951816,
                    -0.0032503539157415226,
                    -0.9995926723298002,
                    -1.995799244361676
                ],
                [
                    0.9368156119178727,
                    0.348897403119567,
                    0.025438383662591955,
                    -139.79821583191395
                ],
                [
                    0.0,
                    0.0,
                    0.0,
                    1.0
                ]
            ],
            "intrinsics": [
                [
                    1252.8131021185304,
                    0.0,
                    826.588114781398
                ],
                [
                    0.0,
                    1252.8131021185304,
                    469.9846626224581
                ],
                [
                    0.0,
                    0.0,
                    1.0
                ]
            ],
            "is_key_frame": true
        },
        {
            "file_path": "images/0396",
            "time": 1535385105420482,
            "transform_matrix": [
                [
                    -0.6125313047133035,
                    -0.7903092344714481,
                    0.014721231448934894,
                    66.90316296798024
                ],
                [
                    0.026538151206280232,
                    -0.039174780317409535,
                    -0.9988799042515752,
                    -0.758305990639671
                ],
                [
                    0.7900007134659888,
                    -0.611454536736982,
                    0.044969125263802666,
                    -88.23210984695274
                ],
                [
                    0.0,
                    0.0,
                    0.0,
                    1.0
                ]
            ],
            "intrinsics": [
                [
