{
    "frames": [
        {
            "file_path": "train/1169.jpg",
            "time": 1535385111447405,
            "transform_matrix": [
                [
                    0.9409201921042504,
                    0.3386061831381662,
                    0.0038787666987487594,
                    -150.25900034271032
                ],
                [
                    -0.005174660892660899,
                    0.025830489538345127,
                    -0.9996529441235371,
                    2.7698250838244287
                ],
                [
                    -0.33858885831513513,
                    0.9405735689199501,
                    0.02605660135246477,
                    53.42927601382409
                ],
                [
                    0.0,
                    0.0,
                    0.0,
                    1.0
                ]
            ],
            "intrinsics": [
                [
                    1254.9860565800168,
                    0.0,
                    829.5769333630991
                ],
                [
                    0.0,
                    1254.9860565800168,
                    467.1680561863987
                ],
                [
                    0.0,
                    0.0,
                    1.0
                ]
            ],
            "is_key_frame": true
        },
        {
            "file_path": "train/1205.jpg",
            "time": 1535385094504799,
            "transform_matrix": [
                [
                    0.8272735502472733,
                    -0.5617953597162667,
                    -0.002108758531263911,
                    -17.170313764558045
                ],
                [
                    0.006719101348564551,
                    0.013647406000026509,
                    -0.9998842942993648,
                    1.4037269014088654
                ],
                [
                    0.5617591358743891,
                    0.8271636610192336,
                    0.015064897972394745,
                    -12.203098714935821
                ],
                [
                    0.0,
                    0.0,
                    0.0,
                    1.0
                ]
            ],
            "intrinsics": [
                [
                    1257.8625342125129,
                    0.0,
                    827.2410631095686
                ],
                [
                    0.0,
                    1257.8625342125129,
                    450.915498205774
                ],
                [
                    0.0,
                    0.0,
                    1.0
                ]
            ],
            "is_key_frame": true
        },
        {
            "file_path": "train/0846.jpg",
            "time": 1535385103937558,
            "transform_matrix": [
                [
                    -0.029623798706403477,
                    0.9995348653571827,
                    0.007244548681730913,
                    2.7720212089418954
                ],
                [
                    0.012268290256464429,
                    0.007610767027076278,
                    -0.9998957772085267,
                    0.633405404426957
                ],
                [
                    -0.9994858276155728,
                    -0.029531833005403723,
                    -0.012488043680069467,
                    95.20420342430877
                ],
                [
                    0.0,
                    0.0,
                    0.0,
                    1.0
                ]
            ],
            "intrinsics": [
                [
                    796.8910634503094,
                    0.0,
                    857.7774326863696
                ],
                [
                    0.0,
                    796.8910634503094,
                    476.8848988407415
                ],
                [
                    0.0,
                    0.0,
                    1.0
                ]
            ],
            "is_key_frame": true
        },
        {
            "file_path": "train/1200.jpg",
            "time": 1535385094104799,
            "transform_matrix": [
                [
                    0.8252888146001892,
                    -0.5647013183761985,
                    -0.003285349296220342,
                    -14.303358815746545
                ],
                [
                    0.006171865708035309,
                    0.01483704135765459,
                    -0.9998708768023167,
                    1.4273333295633233
                ],
                [
                    0.564677147199616,
                    0.8251619739347754,
                    0.015730104976401166,
                    -10.332635834148345
                ],
                [
                    0.0,
                    0.0,
                    0.0,
                    1.0
                ]
            ],
            "intrinsics": [
                [
                    1257.8625342125129,
                    0.0,
                    827.2410631095686
                ],
                [
                    0.0,
                    1257.8625342125129,
                    450.915498205774
                ],
                [
                    0.0,
                    0.0,
                    1.0
                ]
            ],
            "is_key_frame": true
        },
        {
            "file_path": "train/0266.jpg",
            "time": 1535385094520482,
            "transform_matrix": [
                [
                    -0.8393680395542289,
                    -0.543361192771017,
                    -0.014829307648999002,
                    17.51073003721502
                ],
                [
                    0.01691588644759385,
                    0.001156728628762363,
                    -0.9998562470498307,
                    1.2067460720970895
                ],
                [
                    0.5433002364812509,
                    -0.8394982288065518,
                    0.008220515195523163,
                    -12.01184909993523
                ],
                [
                    0.0,
                    0.0,
                    0.0,
                    1.0
                ]
            ],
            "intrinsics": [
                [
                    1256.7485116440405,
                    0.0,
                    817.7887570959712
                ],
                [
                    0.0,
                    1256.7485116440403,
                    451.9541780095127
                ],
                [
                    0.0,
                    0.0,
                    1.0
                ]
            ],
            "is_key_frame": true
        },
        {
            "file_path": "train/1394.jpg",
            "time": 1535385110404799,
            "transform_matrix": [
                [
                    0.8271755499804568,
                    -0.5618727434004861,
                    -0.008923549637927354,
                    -124.49250010516865
                ],
                [
                    -0.003546533558672935,
                    0.010659674700926202,
                    -0.9999368947263562,
                    2.381409072321662
                ],
                [
                    0.5619324084035787,
                    0.8271549985092771,
                    0.006824721743177975,
                    -85.13507709474929
                ],
                [
                    0.0,
                    0.0,
                    0.0,
                    1.0
                ]
            ],
            "intrinsics": [
                [
                    1257.8625342125129,
                    0.0,
                    827.2410631095686
                ],
                [
                    0.0,
                    1257.8625342125129,
                    450.915498205774
                ],
                [
                    0.0,
                    0.0,
                    1.0
                ]
            ],
            "is_key_frame": true
        },
        {
            "file_path": "train/0035.jpg",
            "time": 1535385094912404,
            "transform_matrix": [
                [
                    0.020942775181124827,
                    -0.9997146533627768,
                    -0.011489648360967334,
                    -0.5582674724995648
                ],
                [
                    0.012140703676892635,
                    0.011745620523268186,
                    -0.9998573116763991,
                    1.2561948715182787
                ],
                [
                    0.9997069588044016,
                    0.02080029447554049,
                    0.012383225257906548,
                    -24.68527259449979
                ],
                [
                    0.0,
                    0.0,
                    0.0,
                    1.0
                ]
            ],
            "intrinsics": [
                [
                    1252.8131021185304,
                    0.0,
                    826.588114781398
                ],
                [
                    0.0,
                    1252.8131021185304,
                    469.9846626224581
                ],
                [
                    0.0,
                    0.0,
                    1.0
                ]
            ],
            "is_key_frame": true
        },
        {
            "file_path": "train/0800.jpg",
            "time": 1535385099887558,
            "transform_matrix": [
                [
                    0.021520354113774714,
                    0.9995181173909736,
                    0.022369786901588088,
                    -1.4741262510253366
                ],
                [
                    0.005599381104941484,
                    0.02225411938231835,
                    -0.9997366658784501,
                    1.3644315881858433
                ],
                [
                    -0.9997527300738219,
                    0.02163994403232704,
                    -0.005117766330967975,
                    64.71926898852396
                ],
                [
                    0.0,
                    0.0,
                    0.0,
                    1.0
                ]
            ],
            "intrinsics": [
                [
                    796.8910634503094,
                    0.0,
                    857.7774326863696
                ],
                [
                    0.0,
                    796.8910634503094,
                    476.8848988407415
                ],
                [
                    0.0,
                    0.0,
                    1.0
                ]
            ],
            "is_key_frame": true
        },
        {
            "file_path": "train/1076.jpg",
            "time": 1535385103447405,
            "transform_matrix": [
                [
                    0.9362745512782935,
                    0.3512655988484791,
                    0.0015632319884745138,
                    -87.31436967727021
                ],
                [
                    -0.005144418602192665,
                    0.018161589710464287,
                    -0.9998218299359314,
                    2.260028196317826
                ],
                [
                    -0.35123140461222396,
                    0.9360996932617852,
                    0.018811291537691878,
                    32.259669808977854
                ],
                [
                    0.0,
                    0.0,
                    0.0,
                    1.0
                ]
            ],
            "intrinsics": [
                [
                    1254.9860565800168,
                    0.0,
                    829.5769333630991
                ],
                [
                    0.0,
                    1254.9860565800168,
                    467.1680561863987
                ],
                [
                    0.0,
                    0.0,
                    1.0
                ]
            ],
            "is_key_frame": true
        },
        {
            "file_path": "train/0093.jpg",
            "time": 1535385099862404,
            "transform_matrix": [
                [
                    -0.002085360733892908,
                    -0.9997124945872584,
                    -0.02388680465725646,
                    0.1977950580358019
                ],
                [
                    0.01859326408966301,
                    0.023843964581136162,
                    -0.999542773413699,
                    0.4392020958653982
                ],
                [
                    0.9998249555802782,
                    -0.0025285409187738666,
                    0.01853819515811882,
                    -66.21036415572455
                ],
                [
                    0.0,
                    0.0,
                    0.0,
                    1.0
                ]
            ],
            "intrinsics": [
                [
                    1252.8131021185304,
                    0.0,
                    826.588114781398
                ],
                [
                    0.0,
                    1252.8131021185304,
                    469.9846626224581
                ],
                [
                    0.0,
                    0.0,
                    1.0
                ]
            ],
            "is_key_frame": true
        },
        {
            "file_path": "train/0840.jpg",
            "time": 1535385103437558,
            "transform_matrix": [
                [
                    -0.025498271527740927,
                    0.9996070564513673,
                    0.011643489242070726,
                    2.4042192418037365
                ],
                [
                    -0.0030829271410531644,
                    0.011568591232202944,
                    -0.9999283290602105,
                    2.0753187523968077
                ],
                [
                    -0.9996701124417694,
                    -0.025532340071658506,
                    0.0027867366442900325,
                    92.01649224317208
                ],
                [
                    0.0,
                    0.0,
                    0.0,
                    1.0
                ]
            ],
            "intrinsics": [
                [
                    796.8910634503094,
                    0.0,
                    857.7774326863696
                ],
                [
                    0.0,
                    796.8910634503094,
                    476.8848988407415
                ],
                [
                    0.0,
                    0.0,
                    1.0
                ]
            ],
            "is_key_frame": true
        },
        {
            "file_path": "train/1239.jpg",
            "time": 1535385097354799,
            "transform_matrix": [
                [
                    0.8373241176160321,
                    -0.5466492711350145,
                    -0.00793072670639742,
                    -37.595986142713905
                ],
                [
                    0.0014064738892987543,
                    0.01666021183448366,
                    -0.9998602198171651,
                    1.5350481957418396
                ],
                [
                    0.5467049879868784,
                    0.8371959219377436,
                    0.01471884510006082,
                    -25.346391023339528
                ],
                [
                    0.0,
                    0.0,
                    0.0,
                    1.0
                ]
            ],
            "intrinsics": [
                [
                    1257.8625342125129,
                    0.0,
                    827.2410631095686
                ],
                [
                    0.0,
                    1257.8625342125129,
                    450.915498205774
                ],
                [
                    0.0,
                    0.0,
                    1.0
                ]
            ],
            "is_key_frame": true
        },
        {
            "file_path": "train/0431.jpg",
            "time": 1535385108420482,
            "transform_matrix": [
                [
                    -0.8465890597539184,
                    -0.5320140905322001,
                    -0.015747107041377863,
                    112.62912508331857
                ],
                [
                    0.012813712026048255,
                    0.00920501670458754,
                    -0.9998755304794601,
                    0.12748795417474743
                ],
                [
                    0.5320928233767958,
                    -0.846685464114428,
                    -0.0009757910870763219,
                    -71.36990496523676
                ],
                [
                    0.0,
                    0.0,
                    0.0,
                    1.0
                ]
            ],
            "intrinsics": [
                [
                    1256.7485116440405,
                    0.0,
                    817.7887570959712
                ],
                [
                    0.0,
                    1256.7485116440403,
                    451.9541780095127
                ],
                [
                    0.0,
                    0.0,
                    1.0
                ]
            ],
            "is_key_frame": true
        },
        {
            "file_path": "train/0662.jpg",
            "time": 1535385107928113,
            "transform_matrix": [
                [
                    -0.9220045381945385,
                    0.38717767198552844,
                    0.0010401271766457313,
                    118.70455985600282
                ],
                [
                    -0.004166103838338567,
                    -0.007234600335912668,
                    -0.9999651514611841,
                    2.393275556046705
                ],
                [
                    -0.38715665450497583,
                    -0.9219767409614233,
                    0.008283356727113098,
                    49.376946231751745
                ],
                [
                    0.0,
                    0.0,
                    0.0,
                    1.0
                ]
            ],
            "intrinsics": [
                [
                    1249.9629280788233,
                    0.0,
                    825.3768045375984
                ],
                [
                    0.0,
                    1249.9629280788233,
                    462.54816385708756
                ],
                [
                    0.0,
                    0.0,
                    1.0
                ]
            ],
            "is_key_frame": true
        },
        {
            "file_path": "train/0806.jpg",
            "time": 1535385100387558,
            "transform_matrix": [
                [
                    0.02022999160098388,
                    0.9996749978093563,
                    0.015512775209164867,
                    -1.411557915264402
                ],
                [
                    -0.008330445260568036,
                    0.01568395094236389,
                    -0.9998422962470634,
                    2.309315548655669
                ],
                [
                    -0.9997606469158442,
                    0.020097572930667103,
                    0.008645024043443618,
                    68.8192495611146
                ],
                [
                    0.0,
                    0.0,
                    0.0,
                    1.0
                ]
            ],
            "intrinsics": [
                [
                    796.8910634503094,
                    0.0,
                    857.7774326863696
                ],
                [
                    0.0,
                    796.8910634503094,
                    476.8848988407415
                ],
                [
                    0.0,
                    0.0,
                    1.0
                ]
            ],
            "is_key_frame": true
        },
        {
            "file_path": "train/0710.jpg",
            "time": 1535385111928113,
            "transform_matrix": [
                [
                    -0.9302865614793809,
                    0.3667113185554904,
                    0.00947218951268983,
                    152.51002467570697
                ],
                [
                    -0.0104241509872261,
                    -0.0006156736957744639,
                    -0.9999454775246981,
                    3.6450523769253254
                ],
                [
                    -0.36668549276875706,
                    -0.9303345794869686,
                    0.004395407118782558,
                    59.71029376593353
                ],
                [
                    0.0,
                    0.0,
                    0.0,
                    1.0
                ]
            ],
            "intrinsics": [
                [
                    1249.9629280788233,
                    0.0,
                    825.3768045375984
                ],
                [
                    0.0,
                    1249.9629280788233,
                    462.54816385708756
                ],
                [
                    0.0,
                    0.0,
                    1.0
                ]
            ],
            "is_key_frame": true
        },
        {
            "file_path": "train/0201.jpg",
            "time": 1535385108912404,
            "transform_matrix": [
                [
                    0.008181986221262191,
                    -0.9998177287298737,
                    -0.017250055620555416,
                    -1.131798933140297
                ],
                [
                    0.0027354734783580155,
                    0.017272947530014432,
                    -0.9998470695403748,
                    1.440558728008181
                ],
                [
                    0.999962785450701,
                    0.008133547876698505,
                    0.0028763018988239276,
                    -137.85295549582355
                ],
                [
                    0.0,
                    0.0,
                    0.0,
                    1.0
                ]
            ],
            "intrinsics": [
                [
                    1252.8131021185304,
                    0.0,
                    826.588114781398
                ],
                [
                    0.0,
                    1252.8131021185304,
                    469.9846626224581
                ],
                [
                    0.0,
                    0.0,
                    1.0
                ]
            ],
            "is_key_frame": true
        },
        {
            "file_path": "train/0567.jpg",
            "time": 1535385099878113,
            "transform_matrix": [
                [
                    -0.9188119514970006,
                    0.39461371889027735,
                    -0.008038075009595858,
                    60.509251325403724
                ],
                [
                    0.00863217943229941,
                    -0.0002696956544152688,
                    -0.9999627056758186,
                    1.1496688117273959
                ],
                [
                    -0.3946011698722183,
                    -0.9188470711319922,
                    -0.003158576837364311,
                    25.500366473868134
                ],
                [
                    0.0,
                    0.0,
                    0.0,
                    1.0
                ]
            ],
            "intrinsics": [
                [
                    1249.9629280788233,
                    0.0,
                    825.3768045375984
                ],
                [
                    0.0,
                    1249.9629280788233,
                    462.54816385708756
                ],
                [
                    0.0,
                    0.0,
                    1.0
                ]
            ],
            "is_key_frame": true
        },
        {
            "file_path": "train/0898.jpg",
            "time": 1535385108437558,
            "transform_matrix": [
                [
                    0.014002621501833625,
                    0.999759234911665,
                    0.01689375032133383,
                    -1.8864759347611737
                ],
                [
                    -0.010399631540769403,
                    0.017040108524639955,
                    -0.9998007213266479,
                    3.2624607293691064
                ],
                [
                    -0.9998478755565235,
                    0.013824142299313712,
                    0.010635733862583568,
                    131.9118426046086
                ],
                [
                    0.0,
                    0.0,
                    0.0,
                    1.0
                ]
            ],
            "intrinsics": [
                [
                    796.8910634503094,
                    0.0,
                    857.7774326863696
                ],
                [
                    0.0,
                    796.8910634503094,
                    476.8848988407415
                ],
                [
                    0.0,
                    0.0,
                    1.0
                ]
            ],
            "is_key_frame": true
        },
        {
            "file_path": "train/0354.jpg",
            "time": 1535385101920482,
            "transform_matrix": [
                [
                    -0.8417050655435514,
                    -0.5398132155455415,
                    -0.011587707310276207,
                    69.91045733401391
                ],
                [
                    0.008570641558802593,
                    0.008100855876682328,
                    -0.9999304577006022,
                    0.9870430664459354
                ],
                [
                    0.5398695460401489,
                    -0.8417458455237233,
                    -0.002191985847496314,
                    -45.676626924638356
                ],
                [
                    0.0,
                    0.0,
                    0.0,
                    1.0
                ]
            ],
            "intrinsics": [
                [
                    1256.7485116440405,
                    0.0,
                    817.7887570959712
                ],
                [
                    0.0,
                    1256.7485116440403,
                    451.9541780095127
                ],
                [
                    0.0,
                    0.0,
                    1.0
                ]
            ],
            "is_key_frame": true
        },
        {
            "file_path": "train/0717.jpg",
            "time": 1535385092687558,
            "transform_matrix": [
                [
                    0.008007629489758814,
                    0.999887455833984,
                    0.012686746462279068,
                    -0.047105279624586466
                ],
                [
                    -0.0003761544901436095,
                    0.012690164294746812,
                    -0.9999194058712794,
                    1.5794817785074684
                ],
                [
                    -0.9999678676726341,
                    0.008002211945189864,
                    0.00047773028998670186,
                    4.174406793610329
                ],
                [
                    0.0,
                    0.0,
                    0.0,
                    1.0
                ]
            ],
            "intrinsics": [
                [
                    796.8910634503094,
                    0.0,
                    857.7774326863696
                ],
                [
                    0.0,
                    796.8910634503094,
                    476.8848988407415
                ],
                [
                    0.0,
                    0.0,
                    1.0
                ]
            ],
            "is_key_frame": true
        },
        {
            "file_path": "train/0668.jpg",
            "time": 1535385108428113,
            "transform_matrix": [
                [
                    -0.9219056873163406,
                    0.3873975053330781,
                    0.0036161520284433645,
                    122.67139523245842
                ],
                [
                    -0.006338707172517574,
                    -0.005750348336556844,
                    -0.999963376472053,
                    2.706072393455972
                ],
                [
                    -0.38736252333591353,
                    -0.9218948456064366,
                    0.0077568781811920015,
                    51.016596625488084
                ],
                [
                    0.0,
                    0.0,
                    0.0,
                    1.0
                ]
            ],
            "intrinsics": [
                [
                    1249.9629280788233,
                    0.0,
                    825.3768045375984
                ],
                [
                    0.0,
                    1249.9629280788233,
                    462.54816385708756
                ],
                [
                    0.0,
                    0.0,
                    1.0
                ]
            ],
            "is_key_frame": true
        },
        {
            "file_path": "train/0130.jpg",
            "time": 1535385102912404,
            "transform_matrix": [
                [
                    0.036509303107718875,
                    -0.9991180058214587,
                    -0.020743221300959295,
                    -3.3946250308596246
                ],
                [
                    -0.002187682999256896,
                    0.0206771031757058,
                    -0.9997838123551293,
                    1.8901246419434812
                ],
                [
                    0.9993309185798686,
                    0.036546789840054154,
                    -0.0014308468483556094,
                    -90.4135208416977
                ],
                [
                    0.0,
                    0.0,
                    0.0,
                    1.0
                ]
            ],
            "intrinsics": [
                [
                    1252.8131021185304,
                    0.0,
                    826.588114781398
                ],
                [
                    0.0,
                    1252.8131021185304,
                    469.9846626224581
                ],
                [
                    0.0,
                    0.0,
                    1.0
                ]
            ],
            "is_key_frame": true
        },
        {
            "file_path": "train/1134.jpg",
            "time": 1535385108447405,
            "transform_matrix": [
                [
                    0.9493631710574421,
                    0.3141528182196567,
                    -0.0041924031779231345,
                    -126.43931969718423
                ],
                [
                    -0.012560489007643989,
                    0.02461752181705922,
                    -0.9996180329183124,
                    3.5426461026199423
                ],
                [
                    -0.3139296156077788,
                    0.949053204211563,
                    0.027316881595787483,
                    41.26244801290562
                ],
                [
                    0.0,
                    0.0,
                    0.0,
                    1.0
                ]
            ],
            "intrinsics": [
                [
                    1254.9860565800168,
                    0.0,
                    829.5769333630991
                ],
                [
                    0.0,
                    1254.9860565800168,
                    467.1680561863987
                ],
                [
                    0.0,
                    0.0,
                    1.0
                ]
            ],
            "is_key_frame": true
        },
        {
            "file_path": "train/0142.jpg",
            "time": 1535385103912404,
            "transform_matrix": [
                [
                    0.04927609392915002,
                    -0.9987418645330006,
                    -0.009303472267541541,
                    -4.663892861495623
                ],
                [
                    0.02680525692068559,
                    0.010633840246923643,
                    -0.9995841133406538,
                    -0.8347699908373257
                ],
                [
                    0.9984254327532445,
                    0.04900621869467419,
                    0.02729552638708658,
                    -96.63521170282449
                ],
                [
                    0.0,
                    0.0,
                    0.0,
                    1.0
                ]
            ],
            "intrinsics": [
                [
                    1252.8131021185304,
                    0.0,
                    826.588114781398
                ],
                [
                    0.0,
                    1252.8131021185304,
                    469.9846626224581
                ],
                [
                    0.0,
                    0.0,
                    1.0
                ]
            ],
            "is_key_frame": true
        },
        {
            "file_path": "train/0711.jpg",
            "time": 1535385092137558,
            "transform_matrix": [
                [
                    0.0093204811107089,
                    0.9998947024972107,
                    0.011122614345540394,
                    -0.028185045916247244
                ],
                [
                    -0.006691860456892329,
                    0.011185218628882903,
                    -0.9999150513357872,
                    1.5672149541526859
                ],
                [
                    -0.9999341716510595,
                    0.009245258365172487,
                    0.006795407439646888,
                    -0.04865495078678926
                ],
                [
                    0.0,
                    0.0,
                    0.0,
                    1.0
                ]
            ],
            "intrinsics": [
                [
                    796.8910634503094,
                    0.0,
                    857.7774326863696
                ],
                [
                    0.0,
                    796.8910634503094,
                    476.8848988407415
                ],
                [
                    0.0,
                    0.0,
                    1.0
                ]
            ],
            "is_key_frame": true
        },
        {
            "file_path": "train/0525.jpg",
            "time": 1535385096378113,
            "transform_matrix": [
                [
                    -0.9310861816241145,
                    0.36478847189974906,
                    -0.0028094764057052875,
                    34.12381387720428
                ],
                [
                    0.000986906322150961,
                    -0.005182571856911043,
                    -0.9999860833855945,
                    1.5982440087155394
                ],
                [
                    -0.3647979555925986,
                    -0.9310759967467723,
                    0.004465408992078257,
                    12.831205137780758
                ],
                [
                    0.0,
                    0.0,
                    0.0,
                    1.0
                ]
            ],
            "intrinsics": [
                [
                    1249.9629280788233,
                    0.0,
                    825.3768045375984
                ],
                [
                    0.0,
                    1249.9629280788233,
                    462.54816385708756
                ],
                [
                    0.0,
                    0.0,
                    1.0
                ]
            ],
            "is_key_frame": true
        },
        {
            "file_path": "train/0390.jpg",
            "time": 1535385104920482,
            "transform_matrix": [
                [
                    -0.8331035703092788,
                    -0.5528462836561416,
                    -0.01730398178243934,
                    86.41355689611899
                ],
                [
                    0.02654950797387703,
                    -0.008720807486745428,
                    -0.9996094593105478,
                    -0.9651009887428966
                ],
                [
                    0.5524794699934823,
                    -0.8332376216688573,
                    0.021943132669444497,
                    -57.63300026619302
                ],
                [
                    0.0,
                    0.0,
                    0.0,
                    1.0
                ]
            ],
            "intrinsics": [
                [
                    1256.7485116440405,
                    0.0,
                    817.7887570959712
                ],
                [
                    0.0,
                    1256.7485116440403,
                    451.9541780095127
                ],
                [
                    0.0,
                    0.0,
                    1.0
                ]
            ],
            "is_key_frame": true
        },
        {
            "file_path": "train/0858.jpg",
            "time": 1535385104937558,
            "transform_matrix": [
                [
                    -0.00977187524989764,
                    0.9999507887978696,
                    -0.0017118518099987832,
                    0.7790955412820365
                ],
                [
                    0.0036195522227473738,
                    -0.0016765508827708867,
                    -0.9999920439777733,
                    1.453885162686988
                ],
                [
                    -0.9999457031738311,
                    -0.00977799364166485,
                    -0.0036029910541547742,
                    102.45907524452703
                ],
                [
                    0.0,
                    0.0,
                    0.0,
                    1.0
                ]
            ],
            "intrinsics": [
                [
                    796.8910634503094,
                    0.0,
                    857.7774326863696
                ],
                [
                    0.0,
                    796.8910634503094,
                    476.8848988407415
                ],
                [
                    0.0,
                    0.0,
                    1.0
                ]
            ],
            "is_key_frame": true
        },
        {
            "file_path": "train/0271.jpg",
            "time": 1535385094920482,
            "transform_matrix": [
                [
                    -0.8381260718955329,
                    -0.5451526138686656,
                    -0.018796680587992193,
                    20.346169681865316
                ],
                [
                    0.02027086653515435,
                    0.003307649462590082,
                    -0.9997890534632534,
                    1.0805134908340885
                ],
                [
                    0.5450997886432166,
                    -0.8383302971068118,
                    0.00827848862573426,
                    -13.900018432443423
                ],
